xof 0303txt 0032
template ColorRGBA {
 <35ff44e0-6c7c-11cf-8f52-0040333594a3>
 FLOAT red;
 FLOAT green;
 FLOAT blue;
 FLOAT alpha;
}

template ColorRGB {
 <d3e16e81-7835-11cf-8f52-0040333594a3>
 FLOAT red;
 FLOAT green;
 FLOAT blue;
}

template Material {
 <3d82ab4d-62da-11cf-ab39-0020af71e433>
 ColorRGBA faceColor;
 FLOAT power;
 ColorRGB specularColor;
 ColorRGB emissiveColor;
 [...]
}

template TextureFilename {
 <a42790e1-7810-11cf-8f52-0040333594a3>
 STRING filename;
}

template Frame {
 <3d82ab46-62da-11cf-ab39-0020af71e433>
 [...]
}

template Matrix4x4 {
 <f6f23f45-7686-11cf-8f52-0040333594a3>
 array FLOAT matrix[16];
}

template FrameTransformMatrix {
 <f6f23f41-7686-11cf-8f52-0040333594a3>
 Matrix4x4 frameMatrix;
}

template Vector {
 <3d82ab5e-62da-11cf-ab39-0020af71e433>
 FLOAT x;
 FLOAT y;
 FLOAT z;
}

template MeshFace {
 <3d82ab5f-62da-11cf-ab39-0020af71e433>
 DWORD nFaceVertexIndices;
 array DWORD faceVertexIndices[nFaceVertexIndices];
}

template Mesh {
 <3d82ab44-62da-11cf-ab39-0020af71e433>
 DWORD nVertices;
 array Vector vertices[nVertices];
 DWORD nFaces;
 array MeshFace faces[nFaces];
 [...]
}

template MeshNormals {
 <f6f23f43-7686-11cf-8f52-0040333594a3>
 DWORD nNormals;
 array Vector normals[nNormals];
 DWORD nFaceNormals;
 array MeshFace faceNormals[nFaceNormals];
}

template MeshMaterialList {
 <f6f23f42-7686-11cf-8f52-0040333594a3>
 DWORD nMaterials;
 DWORD nFaceIndexes;
 array DWORD faceIndexes[nFaceIndexes];
 [Material <3d82ab4d-62da-11cf-ab39-0020af71e433>]
}

template Coords2d {
 <f6f23f44-7686-11cf-8f52-0040333594a3>
 FLOAT u;
 FLOAT v;
}

template MeshTextureCoords {
 <f6f23f40-7686-11cf-8f52-0040333594a3>
 DWORD nTextureCoords;
 array Coords2d textureCoords[nTextureCoords];
}

template XSkinMeshHeader {
 <3cf169ce-ff7c-44ab-93c0-f78f62d172e2>
 WORD nMaxSkinWeightsPerVertex;
 WORD nMaxSkinWeightsPerFace;
 WORD nBones;
}

template SkinWeights {
 <6f0d123b-bad2-4167-a0d0-80224f25fabb>
 STRING transformNodeName;
 DWORD nWeights;
 array DWORD vertexIndices[nWeights];
 array FLOAT weights[nWeights];
 Matrix4x4 matrixOffset;
}

template AnimTicksPerSecond {
 <9e415a43-7ba6-4a73-8743-b73d47e88476>
 DWORD AnimTicksPerSecond;
}

template Animation {
 <3d82ab4f-62da-11cf-ab39-0020af71e433>
 [...]
}

template AnimationSet {
 <3d82ab50-62da-11cf-ab39-0020af71e433>
 [Animation <3d82ab4f-62da-11cf-ab39-0020af71e433>]
}

template FloatKeys {
 <10dd46a9-775b-11cf-8f52-0040333594a3>
 DWORD nValues;
 array FLOAT values[nValues];
}

template TimedFloatKeys {
 <f406b180-7b3b-11cf-8f52-0040333594a3>
 DWORD time;
 FloatKeys tfkeys;
}

template AnimationKey {
 <10dd46a8-775b-11cf-8f52-0040333594a3>
 DWORD keyType;
 DWORD nKeys;
 array TimedFloatKeys keys[nKeys];
}


Material col1 {
 1.000000;1.000000;1.000000;1.000000;;
 10.000000;
 0.000000;0.000000;0.000000;;
 0.000000;0.000000;0.000000;;

 TextureFilename {
  "object/xFile/tiger/Monster_Beast_Tiger_col3_D.tga";
 }
}

Frame Root {
 

 FrameTransformMatrix {
  1.000000,0.000000,0.000000,0.000000,0.000000,1.000000,0.000000,0.000000,0.000000,0.000000,1.000000,0.000000,0.000000,0.000000,0.000000,1.000000;;
 }

 Frame Bip01 {
  

  FrameTransformMatrix {
   -0.035767,-0.985002,0.168794,0.000000,0.990225,-0.057715,-0.126975,0.000000,0.134812,0.162603,0.977438,0.000000,28.001008,50.384986,1.128919,1.000000;;
  }

  Frame Bip01Pelvis {
   

   FrameTransformMatrix {
    -0.100759,0.994911,-0.000001,0.000000,-0.000002,0.000001,1.000000,0.000000,0.994911,0.100759,0.000001,0.000000,0.000000,0.000000,0.000000,1.000000;;
   }

   Frame Bip01Spine {
    

    FrameTransformMatrix {
     0.986658,0.161701,-0.018966,0.000000,-0.157147,0.976312,0.148726,0.000000,0.042566,-0.143761,0.988696,0.000000,11.009560,0.002851,1.571022,1.000000;;
    }

    Frame Bip01Spine1 {
     

     FrameTransformMatrix {
      0.964608,0.098983,-0.244405,0.000000,-0.090912,0.994881,0.044116,0.000000,0.247520,-0.020335,0.968669,0.000000,18.942078,0.000000,-0.023281,1.000000;;
     }

     Frame Bip01Spine2 {
      

      FrameTransformMatrix {
       0.945881,0.320773,-0.049130,0.000000,-0.321407,0.946926,-0.005393,0.000000,0.044793,0.020892,0.998778,0.000000,29.272614,0.000000,-0.031668,1.000000;;
      }

      Frame Bip01Neck {
       

       FrameTransformMatrix {
        0.983095,-0.143978,-0.113115,0.000000,0.135879,0.987779,-0.076350,0.000000,0.122725,0.059690,0.990644,0.000000,48.755683,-0.000778,-0.095358,1.000000;;
       }

       Frame Bip01Neck1 {
        

        FrameTransformMatrix {
         0.986970,-0.142707,0.074335,0.000000,0.158556,0.941233,-0.298229,0.000000,-0.027407,0.306129,0.951596,0.000000,14.048050,-0.000002,-0.009968,1.000000;;
        }

        Frame Bip01Head {
         

         FrameTransformMatrix {
          0.660904,0.032977,-0.749745,0.000000,0.233072,0.940614,0.246826,0.000000,0.713360,-0.337873,0.613970,0.000000,14.526672,0.000006,3.982193,1.000000;;
         }

         Frame L_eye {
          

          FrameTransformMatrix {
           -0.365683,0.708933,0.603068,0.000000,-0.530698,-0.691114,0.490634,0.000000,0.764615,-0.140631,0.628957,0.000000,4.997208,1.566811,14.518814,1.000000;;
          }
         }

         Frame R_eye {
          

          FrameTransformMatrix {
           -0.373131,-0.689096,0.621225,0.000000,0.549046,-0.703755,-0.450865,0.000000,0.747879,0.172849,0.640937,0.000000,4.997284,-1.566967,14.518570,1.000000;;
          }
         }

         Frame Bone_mouse {
          

          FrameTransformMatrix {
           -0.888347,0.000756,0.459172,0.000000,-0.000755,-1.000000,0.000185,0.000000,0.459172,-0.000182,0.888347,0.000000,-3.433510,-0.000221,5.253922,1.000000;;
          }

          Frame Bone_mouse01 {
           

           FrameTransformMatrix {
            0.688752,0.000000,0.724998,0.000000,-0.000000,1.000000,0.000000,0.000000,-0.724998,-0.000000,0.688751,0.000000,5.736885,-0.000004,0.000046,1.000000;;
           }
          }
         }

         Frame phy_hairbone02 {
          

          FrameTransformMatrix {
           0.861342,-0.023947,0.507461,0.000000,-0.463419,0.372260,0.804155,0.000000,-0.208165,-0.927819,0.309546,0.000000,-5.956284,-15.539710,6.410538,1.000000;;
          }
         }

         Frame phy_hairbone01 {
          

          FrameTransformMatrix {
           -0.861342,-0.023948,-0.507461,0.000000,0.463420,0.372256,-0.804156,0.000000,0.208164,-0.927821,-0.309542,0.000000,-5.956268,15.539170,6.410500,1.000000;;
          }
         }
        }
       }

       Frame Bip01LClavicle {
        

        FrameTransformMatrix {
         -0.153456,0.980067,-0.126180,0.000000,0.978650,0.168405,0.117833,0.000000,0.136734,-0.105403,-0.984984,0.000000,-7.966492,2.556689,8.511154,1.000000;;
        }

        Frame Bip01LUpperArm {
         

         FrameTransformMatrix {
          0.161229,-0.687395,-0.708162,0.000000,0.922378,0.360175,-0.139613,0.000000,0.351032,-0.630684,0.692109,0.000000,13.506427,0.000000,-0.000004,1.000000;;
         }

         Frame Bip01LForeArm {
          

          FrameTransformMatrix {
           0.612755,-0.000000,-0.790274,0.000000,-0.000000,1.000000,0.000000,0.000000,0.790274,0.000000,0.612754,0.000000,20.913406,0.000004,0.000000,1.000000;;
          }

          Frame Bip01LHand {
           

           FrameTransformMatrix {
            0.981791,-0.051596,-0.182822,0.000000,0.065162,0.995487,0.068989,0.000000,0.178438,-0.079646,0.980723,0.000000,18.906010,-0.000006,-0.000008,1.000000;;
           }

           Frame Bip01LFinger0 {
            

            FrameTransformMatrix {
             0.940009,-0.061143,-0.335625,0.000000,0.045915,0.997532,-0.053129,0.000000,0.338045,0.034532,0.940496,0.000000,14.385558,-0.621414,-1.651558,1.000000;;
            }
           }
          }

          Frame Phy_Bone04 {
           

           FrameTransformMatrix {
            0.879038,-0.193615,0.435667,0.000000,-0.139464,-0.978279,-0.153365,0.000000,0.455897,0.074053,-0.886946,0.000000,13.350431,2.472218,6.648392,1.000000;;
           }
          }
         }
        }
       }

       Frame Bip01RClavicle {
        

        FrameTransformMatrix {
         0.573271,-0.818198,0.043723,0.000000,-0.810693,-0.574138,-0.114642,0.000000,0.118903,0.030275,-0.992444,0.000000,-6.762939,-5.700500,8.012218,1.000000;;
        }

        Frame Bip01RUpperArm {
         

         FrameTransformMatrix {
          0.452807,0.287665,-0.843929,0.000000,-0.653178,-0.537253,-0.533590,0.000000,-0.606898,0.792848,-0.055376,0.000000,13.506454,-0.000015,0.000000,1.000000;;
         }

         Frame Bip01RForeArm {
          

          FrameTransformMatrix {
           0.495982,-0.000000,-0.868333,0.000000,-0.000000,1.000000,0.000000,0.000000,0.868333,0.000000,0.495982,0.000000,20.913410,0.000000,0.000031,1.000000;;
          }

          Frame Bip01RHand {
           

           FrameTransformMatrix {
            0.979506,-0.121065,0.160973,0.000000,0.166597,0.037796,-0.985301,0.000000,0.113201,0.991925,0.057190,0.000000,18.906051,0.000002,-0.000004,1.000000;;
           }

           Frame Bip01RFinger0 {
            

            FrameTransformMatrix {
             0.787173,-0.032824,-0.615859,0.000000,0.021481,0.999436,-0.025811,0.000000,0.616359,0.007089,0.787434,0.000000,14.385558,0.621414,-1.651544,1.000000;;
            }
           }
          }

          Frame Phy_Bone03 {
           

           FrameTransformMatrix {
            0.882525,0.187073,0.431455,0.000000,0.181519,-0.981879,0.054438,0.000000,0.433820,0.030275,-0.900491,0.000000,13.428437,-2.222738,6.771370,1.000000;;
           }
          }
         }
        }
       }

       Frame Phy_Bone01 {
        

        FrameTransformMatrix {
         -0.016936,0.000519,0.999857,0.000000,-0.000521,-1.000000,0.000511,0.000000,0.999857,-0.000512,0.016937,0.000000,10.237823,-0.000137,20.031936,1.000000;;
        }
       }
      }

      Frame phy_bone02 {
       

       FrameTransformMatrix {
        -0.083313,0.000285,0.996524,0.000000,-0.000286,-1.000000,0.000262,0.000000,0.996523,-0.000263,0.083313,0.000000,30.390144,-0.000023,29.783389,1.000000;;
       }
      }
     }
    }
   }

   Frame Bip01LThigh {
    

    FrameTransformMatrix {
     0.508079,0.201978,0.837294,0.000000,0.440005,-0.896562,-0.050724,0.000000,0.740440,0.394185,-0.544395,0.000000,-0.000011,11.453158,0.000011,1.000000;;
    }

    Frame Bip01LCalf {
     

     FrameTransformMatrix {
      -0.295732,0.000000,-0.955271,0.000000,0.000000,1.000000,-0.000000,0.000000,0.955271,-0.000000,-0.295732,0.000000,24.757666,0.000002,-0.000004,1.000000;;
     }

     Frame Bip01LHorseLink {
      

      FrameTransformMatrix {
       -0.679165,0.000000,0.733987,0.000000,-0.000000,1.000000,0.000000,0.000000,-0.733987,0.000000,-0.679164,0.000000,17.196205,-0.000001,0.000008,1.000000;;
      }

      Frame Bip01LFoot {
       

       FrameTransformMatrix {
        0.366649,0.075652,-0.927279,0.000000,-0.056200,0.996669,0.059092,0.000000,0.928660,0.030447,0.369679,0.000000,21.283992,0.000005,0.000008,1.000000;;
       }

       Frame Bip01LToe0 {
        

        FrameTransformMatrix {
         -0.061420,-0.000000,0.998112,0.000000,0.000001,1.000000,0.000001,0.000000,-0.998112,0.000001,-0.061420,0.000000,6.607433,-0.300917,8.487770,1.000000;;
        }
       }
      }
     }
    }
   }

   Frame Bip01RThigh {
    

    FrameTransformMatrix {
     -0.673734,-0.483379,0.558951,0.000000,0.304095,-0.870731,-0.386463,0.000000,0.673504,-0.090399,0.733635,0.000000,0.000019,-11.453162,-0.000019,1.000000;;
    }

    Frame Bip01RCalf {
     

     FrameTransformMatrix {
      0.464429,-0.000000,-0.885610,0.000000,0.000000,1.000000,0.000000,0.000000,0.885610,-0.000000,0.464429,0.000000,24.757664,0.000004,-0.000002,1.000000;;
     }

     Frame Bip01RHorseLink {
      

      FrameTransformMatrix {
       0.284447,-0.000000,0.958692,0.000000,0.000000,1.000000,0.000000,0.000000,-0.958692,-0.000000,0.284447,0.000000,17.196194,-0.000002,-0.000002,1.000000;;
      }

      Frame Bip01RFoot {
       

       FrameTransformMatrix {
        0.893750,-0.437602,-0.098563,0.000000,0.416778,0.891363,-0.178237,0.000000,0.165853,0.118220,0.979039,0.000000,21.283998,0.000002,0.000002,1.000000;;
       }

       Frame Bip01RToe0 {
        

        FrameTransformMatrix {
         -0.657245,0.000002,0.753677,0.000000,0.000001,1.000000,-0.000001,0.000000,-0.753677,0.000000,-0.657245,0.000000,6.607434,0.300915,8.487764,1.000000;;
        }
       }
      }
     }
    }
   }

   Frame Bip01Tail {
    

    FrameTransformMatrix {
     -0.946104,-0.051832,0.319690,0.000000,-0.058793,0.998196,-0.012153,0.000000,-0.318483,-0.030294,-0.947445,0.000000,-21.462872,0.000017,-15.772259,1.000000;;
    }

    Frame Bip01Tail1 {
     

     FrameTransformMatrix {
      0.941783,0.288040,-0.173430,0.000000,-0.302967,0.950695,-0.066255,0.000000,0.145795,0.114941,0.982615,0.000000,31.692256,-0.000001,-0.024036,1.000000;;
     }

     Frame Bip01Tail2 {
      

      FrameTransformMatrix {
       0.891210,0.405135,0.203985,0.000000,-0.400454,0.913963,-0.065643,0.000000,-0.213029,-0.023185,0.976771,0.000000,30.702694,-0.000002,-0.023563,1.000000;;
      }
     }
    }
   }
  }
 }

 Frame Bip01_Plane {
  

  FrameTransformMatrix {
   1.000000,0.000000,0.000000,0.000000,0.000000,1.000000,0.000000,0.000000,0.000000,0.000000,1.000000,0.000000,-0.000000,0.000000,0.000000,1.000000;;
  }
 }
}

Frame Tiger {
 

 FrameTransformMatrix {
  1.000000,0.000000,0.000000,0.000000,0.000000,1.000000,0.000000,0.000000,0.000000,0.000000,1.000000,0.000000,0.000000,0.000000,0.000000,1.000000;;
 }

 Mesh Tiger {
  2103;
  81.755597;42.056077;6.405670;,
  85.620038;38.656026;4.675354;,
  84.499021;42.628320;5.594086;,
  -46.496064;0.715423;18.669174;,
  -46.041203;3.057404;18.302200;,
  -47.391107;2.287666;18.627654;,
  -45.727837;1.051357;18.438934;,
  -46.496064;0.715423;18.669174;,
  -46.270163;-0.948292;18.183014;,
  -46.516307;0.442943;18.081451;,
  -47.402774;1.319305;17.716949;,
  -47.391107;2.287666;18.627654;,
  -49.795670;1.240406;16.954178;,
  -49.753562;3.065628;17.947723;,
  -48.642736;4.629173;17.379501;,
  -48.725552;3.068611;16.378662;,
  -46.336477;2.220657;17.278702;,
  -49.795670;1.240406;16.954178;,
  -47.402774;1.319305;17.716949;,
  -46.336477;2.220657;17.278702;,
  -46.516307;0.442943;18.081451;,
  -45.910394;0.680458;17.770416;,
  -46.270163;-0.948292;18.183014;,
  -45.727837;1.051357;18.438934;,
  54.825344;0.618470;11.962494;,
  54.447149;3.299444;11.380462;,
  54.064134;2.419334;12.389938;,
  55.114541;0.981633;11.305298;,
  54.728781;-1.233345;11.448532;,
  54.297894;0.341883;11.483094;,
  53.302128;1.369353;11.636810;,
  50.525642;1.567610;12.210998;,
  51.262781;3.586701;13.002319;,
  50.860746;5.443070;12.112182;,
  54.447149;3.299444;11.380462;,
  50.027162;3.703006;11.372635;,
  50.860746;5.443070;12.112182;,
  53.169635;2.457514;10.769058;,
  50.525642;1.567610;12.210998;,
  53.302128;1.369353;11.636810;,
  54.297894;0.341883;11.483094;,
  54.402016;0.599532;10.860321;,
  54.728781;-1.233345;11.448532;,
  55.114541;0.981633;11.305298;,
  53.620707;0.680381;20.257232;,
  53.634893;3.312486;19.678589;,
  52.690854;2.453743;20.498230;,
  54.238867;1.046529;19.735611;,
  53.609440;-1.066817;19.732315;,
  53.549427;0.338423;19.669494;,
  52.531498;1.342729;19.571610;,
  49.641008;1.501561;19.339752;,
  49.847405;3.557742;20.316941;,
  50.802925;5.245186;19.317277;,
  50.540336;3.469991;18.349762;,
  52.902797;2.423512;18.727418;,
  49.641008;1.501561;19.339752;,
  52.531498;1.342729;19.571610;,
  53.549427;0.338423;19.669494;,
  53.760794;0.660721;19.118576;,
  53.609440;-1.066817;19.732315;,
  54.238867;1.046529;19.735611;,
  50.980592;0.744901;22.714904;,
  51.615571;2.896914;22.201493;,
  50.286832;2.186997;22.799499;,
  51.845536;1.001308;22.313171;,
  50.980592;0.744901;22.714904;,
  50.960822;-0.735048;22.197174;,
  50.919123;0.466306;22.085770;,
  50.150374;1.262237;21.820618;,
  47.799568;1.297590;21.247421;,
  47.964579;3.038569;22.283112;,
  48.794266;4.556624;21.453582;,
  48.756890;3.007258;20.446426;,
  51.356525;2.059074;21.191619;,
  47.799568;1.297590;21.247421;,
  50.150374;1.262237;21.820618;,
  50.919123;0.466306;22.085770;,
  51.783203;0.589533;21.669800;,
  50.960822;-0.735048;22.197174;,
  51.845536;1.001308;22.313171;,
  86.506304;38.373395;4.354233;,
  83.688800;38.122019;3.764236;,
  84.540051;37.175037;4.775101;,
  86.044666;38.897018;3.723755;,
  86.458298;38.403798;3.277237;,
  88.531891;39.985446;3.372269;,
  86.959059;37.869133;3.802704;,
  85.359802;36.263126;3.807266;,
  86.458298;38.403798;3.277237;,
  84.470490;37.219990;3.071945;,
  83.363770;35.171459;3.690186;,
  82.168883;36.500678;2.878113;,
  82.213133;36.451485;4.825073;,
  81.018202;37.780723;3.626160;,
  82.168883;36.500678;2.878113;,
  84.470490;37.219990;3.071945;,
  84.651245;38.206605;1.377319;,
  83.769594;40.129613;2.844910;,
  84.564115;38.157069;2.017273;,
  83.985062;40.110906;1.910370;,
  83.494784;42.274163;3.459046;,
  83.862867;42.414317;2.275909;,
  82.902682;44.243082;4.373108;,
  83.275283;44.479885;2.716858;,
  84.361082;37.917309;1.644272;,
  85.488192;37.289347;1.001404;,
  83.362899;40.044966;2.163315;,
  82.969485;42.043315;2.722443;,
  82.137773;43.594093;3.398743;,
  80.463866;45.179405;3.894470;,
  81.351763;45.933315;5.179611;,
  81.760013;46.274362;3.305847;,
  81.958035;43.417930;-0.000031;,
  80.115354;45.017046;-0.000031;,
  78.066470;47.970502;0.000000;,
  78.501920;48.046144;5.396240;,
  79.698944;48.984890;6.638489;,
  80.108461;49.403549;4.235230;,
  81.411699;45.982979;-0.000031;,
  80.108461;49.403549;4.235230;,
  81.760013;46.274362;3.305847;,
  79.724960;49.116707;0.000000;,
  82.952806;44.152912;-0.000031;,
  83.605594;42.198506;-0.000031;,
  83.783750;40.014538;-0.000031;,
  84.572493;38.157674;-0.000031;,
  85.686234;37.094909;-0.000031;,
  85.531981;36.847254;-0.000031;,
  85.327667;37.021085;0.869385;,
  84.346925;37.889891;-0.000031;,
  83.410752;39.965904;-0.000031;,
  82.908096;41.903830;-0.000031;,
  86.484787;39.089914;-15.907958;,
  95.180922;44.651040;-6.186890;,
  94.784819;38.161594;-6.551163;,
  86.601926;46.031056;-15.695648;,
  89.168870;33.880390;-10.865784;,
  95.664416;41.678630;-7.235626;,
  95.805402;37.703853;-5.263962;,
  87.372070;40.684106;-16.599762;,
  89.642733;39.118051;-2.407806;,
  93.158170;40.070698;-0.000031;,
  89.507386;39.236083;-0.000031;,
  92.382829;39.542941;-2.452698;,
  89.628064;39.638320;-4.217926;,
  91.346880;39.921437;-4.710144;,
  85.090042;46.491600;6.670990;,
  83.655610;44.381539;7.975052;,
  89.929306;43.057053;6.268219;,
  83.669146;35.824944;-2.758194;,
  87.582458;37.143942;-0.000031;,
  83.995315;35.519712;-0.000031;,
  87.042509;37.762314;-2.311722;,
  83.531981;37.389235;-4.864151;,
  86.905030;38.176819;-4.053924;,
  83.343610;37.360090;4.789459;,
  85.620038;38.656026;4.675354;,
  81.755597;42.056077;6.405670;,
  31.144166;21.036341;-17.918152;,
  31.881482;30.423194;-21.782806;,
  33.876029;22.142837;-21.151810;,
  35.164310;14.403614;-20.116653;,
  32.123376;13.701851;-17.305954;,
  33.102394;9.778800;-16.720398;,
  36.628202;10.059132;-18.992173;,
  33.186090;5.959908;-16.251541;,
  37.422352;6.267520;-17.678269;,
  29.372890;5.397224;-15.319962;,
  28.753466;9.070528;-15.537125;,
  28.205594;12.712834;-16.020675;,
  27.952653;19.948445;-16.349243;,
  29.606989;29.129258;-19.095597;,
  28.357699;27.389430;-17.797317;,
  60.211514;39.024579;-0.000183;,
  55.054880;43.168832;0.000061;,
  55.825350;36.748048;-0.000244;,
  60.621306;44.675338;0.000031;,
  64.919648;39.751526;-0.000168;,
  66.259782;45.710339;0.000076;,
  69.008115;37.720358;-0.000168;,
  71.159622;44.245923;0.000076;,
  34.830909;27.716806;0.000702;,
  27.331027;30.632179;0.000031;,
  27.602675;28.085590;0.000763;,
  34.771949;31.477485;0.000031;,
  39.556419;27.477469;0.000198;,
  40.082362;32.651357;0.000046;,
  46.574752;28.610166;-0.000168;,
  46.470886;35.422346;0.000046;,
  52.198128;31.973987;-0.000214;,
  51.031856;39.407264;0.000031;,
  89.929293;43.057053;-6.268280;,
  87.833997;40.527130;-6.718048;,
  83.655597;44.381539;-7.975098;,
  80.307174;66.628173;-14.640442;,
  81.254854;65.054445;-16.698608;,
  81.019488;63.457734;-15.396606;,
  81.429901;67.524032;-16.690430;,
  81.468141;67.402010;-17.441848;,
  82.133715;70.288480;-17.173782;,
  77.793869;66.524416;-12.913361;,
  79.602003;61.499277;-16.308930;,
  82.324326;69.523878;-12.258514;,
  84.005190;70.866029;-15.039154;,
  84.501843;72.962067;-15.140411;,
  87.782534;69.557907;-11.157135;,
  86.904467;72.121920;-13.284989;,
  87.244506;67.719968;-8.775498;,
  81.236666;69.706240;-10.309296;,
  87.243104;67.155962;-7.802506;,
  81.755597;42.056077;-6.405701;,
  84.499021;42.628320;-5.594147;,
  85.620058;38.656026;-4.675384;,
  71.159622;44.245923;0.000000;,
  75.625018;41.115466;-4.008453;,
  75.064486;41.730973;-0.000031;,
  71.261779;43.775114;-3.793671;,
  71.173965;43.466464;-9.458710;,
  75.388838;41.158662;-9.241196;,
  77.819808;37.707238;-2.444672;,
  78.000992;37.850899;-0.000031;,
  77.913530;38.033706;-4.581116;,
  79.061830;39.030019;-7.677918;,
  74.784621;41.637245;-11.800934;,
  70.271136;43.893094;-14.413483;,
  68.512160;47.779901;-12.050797;,
  71.687930;48.916502;-17.268570;,
  68.485389;46.412918;-7.854386;,
  65.602790;47.877078;-6.348343;,
  65.792051;50.925165;-9.835144;,
  66.582445;45.868272;-3.682053;,
  67.970534;56.443686;-12.620254;,
  61.375526;53.125050;-10.474793;,
  60.632864;48.110093;-6.902634;,
  60.256435;45.047859;-3.389984;,
  64.815104;37.118298;-0.659790;,
  68.892090;38.092288;-1.296616;,
  60.183462;36.741786;-0.636414;,
  57.120493;53.512272;-13.432114;,
  63.873395;61.294592;-12.970550;,
  54.502176;45.643376;-10.582962;,
  55.270778;42.291299;-4.512680;,
  55.742387;34.150611;-0.772018;,
  51.495558;38.042755;-5.198334;,
  51.975952;31.217098;-1.038818;,
  51.975952;31.217098;-1.038818;,
  46.596806;34.187590;-5.460816;,
  51.495558;38.042755;-5.198334;,
  44.228342;37.814528;-11.145706;,
  50.780173;39.544595;-10.921966;,
  50.934499;46.064899;-14.728669;,
  53.485376;53.455994;-16.281142;,
  47.745811;39.381104;-13.121262;,
  57.972237;64.299174;-14.658325;,
  53.476950;63.531546;-20.310059;,
  28.156458;50.538566;-18.182480;,
  26.043926;56.807283;-20.481965;,
  32.085747;57.994016;-22.168000;,
  22.767638;48.748195;-19.335083;,
  29.690835;42.043814;-16.563430;,
  24.580259;38.771450;-14.839920;,
  32.614886;34.435386;-8.630310;,
  37.345558;36.910304;-11.599778;,
  39.532829;32.519110;-6.527817;,
  25.926728;31.325251;-7.278961;,
  46.452493;28.764192;-1.196945;,
  39.593293;28.068022;-2.471573;,
  32.928269;28.146979;-3.700333;,
  26.589083;28.528758;-5.062546;,
  17.491261;32.598090;0.000000;,
  27.331030;30.561366;0.000000;,
  28.437498;68.311066;-20.974365;,
  35.564538;69.462816;-22.692443;,
  17.982296;56.372026;-20.920731;,
  15.758285;46.640877;-19.475814;,
  15.712002;39.282176;-13.697464;,
  16.108162;33.417798;-7.756439;,
  5.685715;40.541949;-11.995742;,
  6.047255;36.236166;-5.952408;,
  -4.708533;39.011750;-4.740051;,
  -5.067284;42.915386;-10.002014;,
  5.275707;47.392294;-18.198990;,
  6.221463;57.961011;-20.757278;,
  -4.627323;58.767693;-18.498306;,
  -5.278228;49.739066;-15.767517;,
  18.672066;68.752211;-21.623688;,
  7.881493;77.689914;-17.599426;,
  19.596733;78.052000;-17.932968;,
  29.251910;78.309690;-18.148574;,
  6.755212;68.251462;-21.317368;,
  -4.735622;67.462035;-18.406189;,
  -15.972066;59.264717;-15.711822;,
  -3.982624;76.407290;-16.199250;,
  -3.474326;82.439482;-10.981414;,
  -25.507842;68.048416;-15.953995;,
  -26.145493;58.168179;-16.569992;,
  -15.517536;67.499245;-16.054016;,
  -15.290984;75.704467;-14.337296;,
  -15.805139;82.369734;-10.937409;,
  -16.066192;86.200960;-5.858765;,
  -26.248014;83.581037;-11.388657;,
  -26.842731;88.141190;-6.254806;,
  -24.916458;51.644890;-12.157486;,
  -30.327178;51.056890;-12.725754;,
  -16.179490;51.314010;-12.276214;,
  -34.733066;51.336128;-18.800232;,
  -33.477280;60.262022;-18.851638;,
  -36.577114;44.032582;-17.292678;,
  -33.404934;44.091034;-12.591751;,
  -31.823235;47.674851;-9.906052;,
  -26.844461;46.867702;-8.134384;,
  -16.254667;45.046166;-8.592910;,
  -17.025989;40.297242;-4.220581;,
  -27.061194;43.162070;-4.125382;,
  -32.106675;45.703894;-6.316513;,
  -34.295888;45.603814;-7.234757;,
  6.659407;34.603286;0.000000;,
  -4.561777;38.130762;0.000000;,
  -17.305880;39.159635;-0.000015;,
  -27.489050;42.262099;0.000015;,
  -33.750749;44.458739;0.000031;,
  -32.947693;44.675293;-3.700867;,
  -36.482086;45.308925;-3.801560;,
  -40.843926;45.347856;-4.138504;,
  -36.413754;43.689674;-8.164474;,
  -37.854637;39.504979;-8.514893;,
  -36.683587;38.519773;-12.670532;,
  -41.031622;34.291338;-9.464355;,
  -39.835526;33.083648;-13.215744;,
  -43.831002;30.127664;-13.176239;,
  -37.600938;45.981558;0.000031;,
  -42.119779;46.493091;0.000031;,
  -48.782077;47.179862;0.000031;,
  -48.459354;45.697120;-2.227432;,
  -48.944038;41.558371;-4.165482;,
  -42.549610;41.199798;-5.738068;,
  -50.589053;36.023472;-5.663910;,
  -44.933686;35.361062;-6.601517;,
  -48.206730;31.577942;-7.362442;,
  -52.700678;32.468848;-6.473297;,
  -51.283130;28.831885;-8.330597;,
  -55.213978;29.728678;-6.895294;,
  -54.055194;25.562046;-8.431778;,
  -57.727462;26.856947;-7.503814;,
  -56.327360;22.366027;-8.387695;,
  -59.654797;23.813824;-7.722656;,
  -54.551155;21.523312;-10.834808;,
  -51.963632;24.901894;-10.758423;,
  -48.462502;28.024288;-10.424149;,
  -44.917472;30.756605;-9.806427;,
  -47.721245;27.679245;-13.432739;,
  -54.158707;20.834234;-13.947235;,
  -51.558854;24.530123;-13.622696;,
  -57.941818;17.596790;-15.572998;,
  -56.112384;21.089822;-15.456299;,
  -53.065427;24.561906;-16.159760;,
  -49.346698;27.782624;-16.921264;,
  -57.192358;26.042090;-16.838258;,
  -59.627290;22.669814;-15.572144;,
  -62.483232;18.974938;-15.154998;,
  -58.224486;13.617341;-15.870758;,
  -61.555949;13.197260;-15.426696;,
  -59.575917;8.157648;-15.895126;,
  -64.952256;22.464765;-13.962021;,
  -45.993114;30.478637;-16.939331;,
  -54.585446;29.411126;-17.719544;,
  -61.914560;27.998477;-15.104858;,
  -63.788064;25.059851;-14.527710;,
  -68.493926;23.073757;-12.797821;,
  -68.273267;26.738442;-12.831299;,
  -65.626086;29.702403;-12.718796;,
  -60.235578;31.237126;-16.652160;,
  -63.597350;33.088720;-12.835342;,
  -58.881363;35.189398;-17.347350;,
  -62.377894;36.538147;-12.617279;,
  -58.449158;39.958576;-17.384018;,
  -62.494739;40.853402;-12.641129;,
  -63.236947;46.515117;-12.411987;,
  -69.328794;26.688822;-9.782837;,
  -66.533690;29.904861;-9.767120;,
  -64.119584;33.541478;-9.837295;,
  -63.025043;37.099702;-9.760422;,
  -63.344026;41.340221;-9.281586;,
  -64.132934;46.670630;-8.679749;,
  -62.684198;46.996202;-5.740143;,
  -63.605286;52.899488;-4.208816;,
  -63.059066;33.219475;-8.100006;,
  -65.049274;29.279824;-8.273666;,
  -67.517427;26.073474;-8.226822;,
  -68.510739;22.679848;-8.593750;,
  -69.487078;23.343216;-9.953644;,
  -63.588832;25.142637;-8.351929;,
  -64.832077;21.590603;-7.605667;,
  -67.859514;19.258896;-9.844666;,
  -66.439757;18.758451;-12.807648;,
  -61.757798;28.202074;-7.763580;,
  -59.654797;23.813824;-7.722656;,
  -57.727462;26.856947;-7.503814;,
  -60.683782;20.065397;-7.577362;,
  -64.854829;17.443290;-7.927612;,
  -60.838752;15.029802;-7.398682;,
  -64.485626;13.027098;-13.644256;,
  -65.146970;13.212145;-10.153565;,
  -63.510560;13.487826;-7.783539;,
  -58.397926;8.749573;-7.089600;,
  -60.801606;7.870168;-7.886246;,
  -55.846605;3.875396;-5.817947;,
  -61.859565;6.872496;-10.412598;,
  -61.475066;6.950990;-14.056290;,
  -58.999430;1.071125;-10.833481;,
  -58.859053;1.298409;-14.841675;,
  -52.626698;-0.998337;-11.797546;,
  -51.631917;0.089668;-7.419067;,
  -58.389581;1.754604;-7.276703;,
  -50.058858;2.661770;-5.010376;,
  -45.556490;3.074055;-6.447250;,
  -45.597344;0.151298;-8.476868;,
  -45.907539;-0.258011;-12.770355;,
  -53.071526;-0.173229;-16.133317;,
  -52.626698;-0.998337;-11.797546;,
  -48.761459;-0.258644;-15.960160;,
  -52.426522;2.547993;-18.274872;,
  -57.074854;3.820480;-17.102402;,
  -55.458131;6.083168;-16.758453;,
  -57.278144;9.482237;-16.132691;,
  -55.733645;10.419668;-13.794006;,
  -56.264109;14.152957;-13.688507;,
  -55.672563;14.762454;-10.827637;,
  -56.167085;17.625629;-13.497283;,
  -55.708960;18.049237;-10.880356;,
  88.094605;66.282534;-11.817261;,
  88.184800;65.488358;-10.242310;,
  87.120710;63.483507;-11.674011;,
  87.244506;67.719968;-8.775498;,
  87.243104;67.155962;-7.802506;,
  87.782534;69.557907;-11.157135;,
  88.177293;68.456435;-12.698914;,
  86.904467;72.121920;-13.284989;,
  86.881408;71.275635;-14.101974;,
  84.501843;72.962067;-15.140411;,
  85.027814;72.114931;-15.426301;,
  84.873645;70.041734;-14.052459;,
  84.432282;65.971558;-13.250641;,
  85.851290;64.513888;-12.334320;,
  83.613920;61.549933;-14.825058;,
  83.633453;63.025235;-14.328339;,
  82.845978;64.557178;-15.686645;,
  82.656877;66.815520;-16.787536;,
  83.207443;70.221389;-17.091706;,
  79.602003;61.499277;-16.308930;,
  81.019488;63.457734;-15.396606;,
  81.254854;65.054445;-16.698608;,
  81.468141;67.402010;-17.441848;,
  82.133715;70.288480;-17.173782;,
  93.123488;38.135642;-2.229568;,
  95.989043;37.731194;-0.000031;,
  93.776141;38.358579;-0.000031;,
  97.318387;37.791766;-1.959763;,
  97.711763;37.745187;-0.000031;,
  95.256013;37.142115;-6.157150;,
  94.334214;39.516541;-7.800003;,
  97.397600;38.406960;-6.042236;,
  96.014848;36.606822;-2.877991;,
  94.379776;36.856019;-2.591309;,
  91.579162;38.734810;-4.204437;,
  92.693254;37.573379;-5.125519;,
  90.981933;39.736058;-5.743378;,
  91.865414;39.143136;-7.606659;,
  90.117216;41.430589;-5.931183;,
  90.897459;41.162682;-8.199738;,
  89.568819;42.791120;-8.965958;,
  88.623059;43.142061;-6.324631;,
  87.234515;43.989507;-7.310791;,
  87.484301;44.300995;-9.034073;,
  85.651059;43.803366;-7.192169;,
  85.483706;44.466691;-9.064834;,
  84.125536;42.740547;-6.153412;,
  84.479398;45.039910;-11.799606;,
  87.840442;45.686768;-11.019425;,
  91.872896;45.275514;-8.843384;,
  92.700102;42.636118;-8.565323;,
  96.223187;43.797290;-6.320343;,
  97.300934;41.188979;-6.011337;,
  91.156096;48.208080;-9.891114;,
  86.482272;48.822099;-13.375503;,
  93.188646;53.918208;-8.945755;,
  91.201658;53.928518;-9.676514;,
  92.980909;56.443616;-9.364883;,
  92.178285;52.447162;-7.936783;,
  89.884294;52.495846;-10.411896;,
  90.061158;50.433174;-10.652222;,
  91.892275;50.945878;-7.461853;,
  92.671462;48.124109;-7.098999;,
  94.402528;48.382618;-5.186096;,
  95.237107;46.105891;-6.073975;,
  92.576339;50.405274;-6.167862;,
  93.256698;51.400899;-6.838791;,
  93.163206;52.821904;-7.102494;,
  93.760608;52.253376;-5.907471;,
  93.590605;51.036602;-5.332794;,
  94.574067;50.853158;-4.296692;,
  96.016358;49.168214;-3.849335;,
  97.058016;46.764653;-4.483520;,
  98.213850;43.902550;-4.770996;,
  96.688416;54.604608;-5.014801;,
  95.194547;53.130147;-6.572022;,
  95.250150;56.138746;-7.312241;,
  95.298643;51.549613;-5.097565;,
  96.124525;51.550426;-3.480957;,
  100.866227;40.598266;-2.493912;,
  101.154675;44.016669;-2.235474;,
  99.344006;48.000038;-2.357574;,
  97.654938;51.040986;-2.083130;,
  97.757523;53.822957;-2.884537;,
  96.211610;58.045741;-3.638062;,
  98.565350;51.635274;-0.000031;,
  100.023821;48.576621;-0.000031;,
  101.952410;43.413274;-0.000031;,
  101.999635;39.939158;-0.000031;,
  89.011808;64.758893;-8.590790;,
  87.120710;63.483507;-11.674011;,
  88.184800;65.488358;-10.242310;,
  87.243104;67.155962;-7.802506;,
  89.775667;66.418790;-5.390900;,
  92.987821;63.027219;-4.925629;,
  92.805555;63.910074;-0.000031;,
  96.320864;58.236154;-0.000031;,
  98.017850;54.188755;-0.000031;,
  89.677843;66.996736;-0.000031;,
  86.484160;69.342496;-4.939514;,
  81.588301;73.340090;-5.867859;,
  81.236666;69.706240;-10.309296;,
  74.335648;80.030950;-7.440506;,
  73.103226;75.995142;-11.430603;,
  77.793869;66.524416;-12.913361;,
  69.646714;67.797824;-12.755997;,
  86.061555;70.768762;0.000000;,
  81.262682;74.916883;-0.000015;,
  74.617037;81.128698;-0.000015;,
  -139.476659;44.375174;-1.937378;,
  -128.117402;42.268944;-1.616928;,
  -139.780070;42.979613;-1.422028;,
  -128.302182;43.777398;-2.217270;,
  -116.947072;45.414275;-1.763031;,
  -117.351923;47.072886;-2.427002;,
  -106.781024;51.169021;-2.035965;,
  -107.378419;53.000237;-2.767288;,
  -96.715533;57.345523;-2.228821;,
  -97.473862;59.322125;-3.001572;,
  -86.308230;62.720838;-2.461243;,
  -87.138336;64.848832;-3.320908;,
  -75.576339;66.500602;-2.709808;,
  -76.401306;68.772352;-3.695297;,
  -66.961914;68.133331;-3.200699;,
  -67.654131;70.781683;-4.430924;,
  -77.234362;72.234515;-2.804657;,
  -88.232192;67.696166;-2.464828;,
  -98.445632;61.863661;-2.238739;,
  -108.156019;55.407853;-2.114944;,
  -117.847501;49.131222;-1.826126;,
  -65.702074;76.532518;-3.921722;,
  -98.867571;62.953088;0.000031;,
  -88.724256;68.938867;0.000015;,
  -77.686874;73.654349;0.000031;,
  -65.647840;78.158861;0.000031;,
  -146.686490;50.515229;0.000031;,
  -138.976115;45.931430;-1.505859;,
  -146.151501;49.496976;-1.221649;,
  -138.835149;46.727174;0.000031;,
  -128.508326;45.663222;-1.724182;,
  -128.611469;46.552925;0.000046;,
  -118.069850;50.027478;0.000031;,
  -108.510579;56.474131;0.000031;,
  -147.903066;49.324973;-1.413498;,
  -148.049715;47.793219;-1.193970;,
  -116.830387;44.936160;0.000000;,
  -128.063488;41.861130;0.000046;,
  -139.951475;42.631424;0.000031;,
  -148.956045;48.399917;0.000031;,
  -149.802355;51.207741;0.000031;,
  -67.289869;67.306426;0.000031;,
  -75.388064;65.915757;0.000031;,
  -86.097318;62.176339;0.000015;,
  -96.519488;56.832064;0.000031;,
  -106.626387;50.692157;0.000031;,
  47.745811;39.381104;-13.121262;,
  47.883894;42.391587;-16.240630;,
  50.934499;46.064899;-14.728669;,
  40.846189;58.144109;-23.663390;,
  32.085747;57.994016;-22.168000;,
  35.564538;69.462816;-22.692443;,
  44.247578;68.094042;-22.274429;,
  48.140086;54.895347;-21.948379;,
  53.476950;63.531546;-20.310059;,
  53.485376;53.455994;-16.281142;,
  50.938326;50.575379;-17.668075;,
  47.565040;44.728656;-20.318008;,
  45.133517;40.199302;-20.751496;,
  38.494397;35.978096;-22.569686;,
  44.160458;35.015091;-21.361466;,
  37.964704;29.568138;-22.219070;,
  43.294624;28.997853;-20.761078;,
  31.881472;30.423200;-21.782790;,
  31.358922;37.019136;-22.554275;,
  46.373997;38.995194;-18.265869;,
  45.782288;35.119712;-17.923264;,
  44.919677;28.927792;-17.516952;,
  44.195680;22.329277;-16.911179;,
  44.917430;29.290269;-14.230240;,
  43.979101;22.817480;-14.158126;,
  42.064784;22.959630;-11.991699;,
  41.114320;17.756978;-11.591065;,
  43.826112;17.831070;-13.500259;,
  40.490355;13.821666;-10.605026;,
  44.041610;14.154354;-12.685654;,
  43.160662;29.355059;-11.821670;,
  45.441392;37.107552;-14.207382;,
  43.463523;35.986650;-11.968170;,
  36.722694;16.179851;-11.960006;,
  37.008611;22.719968;-12.421280;,
  37.918714;29.870006;-11.532517;,
  37.910362;34.318310;-11.611130;,
  44.228342;37.814528;-11.145706;,
  37.345558;36.910304;-11.599778;,
  54.964070;72.957254;-14.732682;,
  64.391648;79.531968;-8.419190;,
  61.637472;72.393152;-12.857773;,
  74.471270;78.074406;-4.493301;,
  67.102157;84.347994;-3.883057;,
  72.971040;74.269530;-8.600647;,
  69.646714;67.797824;-12.755997;,
  46.461619;77.179629;-17.338242;,
  44.247578;68.094042;-22.274429;,
  37.969789;78.878650;-18.681747;,
  77.793869;66.524416;-12.913361;,
  69.646714;67.797824;-12.755997;,
  81.236666;69.706240;-10.309296;,
  81.588301;73.340090;-5.867859;,
  81.262682;74.916883;-0.000015;,
  74.802874;79.182688;-0.000015;,
  68.162323;84.033446;-0.000015;,
  63.773363;86.535654;0.000000;,
  57.913344;88.537658;-5.456040;,
  58.025050;89.367251;0.000000;,
  50.721779;92.921293;-0.000015;,
  50.584122;92.028826;-6.672546;,
  42.749328;97.060442;0.000000;,
  41.732909;95.518618;-6.406402;,
  32.315728;92.519270;-7.844787;,
  30.550096;87.177370;-14.459610;,
  19.984854;84.831206;-13.176102;,
  39.776557;87.819738;-13.659683;,
  48.672765;86.102752;-12.999023;,
  57.112781;82.844998;-11.523438;,
  78.865248;45.343011;-2.427963;,
  79.748518;48.263123;0.000000;,
  78.678803;45.074486;0.000000;,
  79.821363;42.790771;-2.769562;,
  79.821030;42.397491;-0.000031;,
  82.567750;38.417510;-2.190018;,
  82.818483;38.171901;-0.000031;,
  82.421094;48.899171;-2.893753;,
  80.072294;46.215283;-5.697464;,
  80.520173;43.777597;-5.838135;,
  82.948531;40.134867;-4.431122;,
  85.164538;36.076294;-4.946594;,
  86.384595;35.084630;-2.795517;,
  86.446669;34.993245;-0.000031;,
  82.599027;42.324582;-5.387863;,
  83.776474;41.114086;-5.448364;,
  83.950182;38.519482;-5.130646;,
  84.125536;42.740547;-6.153412;,
  82.792435;43.602365;-6.195374;,
  83.951872;44.337920;-6.722168;,
  82.579910;46.438912;-7.098542;,
  85.204269;47.829629;-5.586975;,
  85.910355;45.183587;-7.082642;,
  87.993760;44.321530;-6.106338;,
  89.585600;43.469066;-4.503815;,
  88.623059;43.142061;-6.324631;,
  87.234515;43.989507;-7.310791;,
  85.651059;43.803366;-7.192169;,
  90.117216;41.430589;-5.931183;,
  91.579162;38.734810;-4.204437;,
  93.123488;38.135642;-2.229568;,
  93.776141;38.358579;-0.000031;,
  90.353120;44.018586;-0.000031;,
  86.925427;48.233894;-0.000031;,
  83.500032;49.549328;-0.000031;,
  90.981933;39.736058;-5.743378;,
  42.545155;16.221022;-19.466598;,
  38.392022;21.924331;-21.352814;,
  42.432387;22.016536;-19.540986;,
  44.615146;17.275741;-16.625931;,
  44.928646;13.429842;-16.468445;,
  42.717786;12.034016;-19.420608;,
  39.135363;15.277456;-20.996597;,
  39.590736;10.497821;-20.143982;,
  35.164310;14.403614;-20.116653;,
  36.628202;10.059130;-18.992173;,
  33.876029;22.142840;-21.151810;,
  37.043290;6.736496;-14.581344;,
  37.422355;6.267519;-17.678283;,
  36.001107;10.181681;-15.244125;,
  33.327866;14.666939;-16.663040;,
  31.617133;23.552269;-17.728805;,
  43.753539;4.352568;-8.448929;,
  41.110640;6.369100;-9.023636;,
  39.069024;3.750193;-11.523834;,
  38.014938;8.691670;-11.127151;,
  37.536752;11.899489;-11.416610;,
  36.722694;16.179851;-11.960006;,
  37.008611;22.719968;-12.421280;,
  37.918714;29.870006;-11.532517;,
  39.612109;3.697026;-19.515229;,
  39.319789;6.623418;-20.204726;,
  38.193542;3.062511;-16.021698;,
  49.960544;2.950963;-22.235046;,
  47.791718;5.644546;-22.056931;,
  49.866605;5.235337;-21.158082;,
  46.458003;2.677027;-22.822770;,
  43.162518;3.920321;-21.312606;,
  42.191869;1.832808;-20.117416;,
  41.078077;1.068052;-16.396667;,
  42.391594;1.839841;-11.756912;,
  45.232768;6.376576;-21.204621;,
  43.105085;6.923823;-20.497726;,
  46.541821;1.414112;-12.599381;,
  44.854435;0.434951;-17.075546;,
  48.275142;3.006209;-8.623184;,
  51.992358;1.845613;-9.457489;,
  50.253475;0.607803;-13.089462;,
  48.415834;0.242739;-17.694717;,
  46.269818;0.730041;-21.532547;,
  49.797760;8.724818;-17.740922;,
  52.374813;7.564597;-18.292267;,
  47.390915;8.617262;-17.654648;,
  45.501206;8.735771;-17.333846;,
  42.876256;8.933281;-19.898499;,
  48.054410;8.586364;-12.695557;,
  45.082822;10.643447;-16.552490;,
  45.755379;8.994097;-12.730789;,
  44.722509;11.179392;-12.376251;,
  41.334234;10.159684;-10.162735;,
  43.879661;7.795634;-9.509216;,
  37.536752;11.899489;-11.416610;,
  38.014938;8.691670;-11.127151;,
  41.110640;6.369100;-9.023636;,
  46.590522;6.736897;-8.900864;,
  43.753539;4.352568;-8.448929;,
  48.275142;3.006209;-8.623184;,
  49.592266;6.546634;-9.077026;,
  50.279786;8.665711;-12.981506;,
  52.798746;7.112408;-13.496230;,
  53.058026;4.074047;-19.092285;,
  51.992358;1.845613;-9.457489;,
  51.554154;0.433176;-18.750733;,
  49.211738;0.551213;-21.577546;,
  48.415834;0.242739;-17.694717;,
  53.228154;1.109494;-13.854096;,
  50.253475;0.607803;-13.089462;,
  53.699411;1.827065;-11.186920;,
  52.876989;5.197749;-9.744385;,
  53.058026;4.074047;-19.092285;,
  53.228154;1.109494;-13.854096;,
