xof 0303txt 0032
template ColorRGBA {
 <35ff44e0-6c7c-11cf-8f52-0040333594a3>
 FLOAT red;
 FLOAT green;
 FLOAT blue;
 FLOAT alpha;
}

template ColorRGB {
 <d3e16e81-7835-11cf-8f52-0040333594a3>
 FLOAT red;
 FLOAT green;
 FLOAT blue;
}

template Material {
 <3d82ab4d-62da-11cf-ab39-0020af71e433>
 ColorRGBA faceColor;
 FLOAT power;
 ColorRGB specularColor;
 ColorRGB emissiveColor;
 [...]
}

template TextureFilename {
 <a42790e1-7810-11cf-8f52-0040333594a3>
 STRING filename;
}

template Frame {
 <3d82ab46-62da-11cf-ab39-0020af71e433>
 [...]
}

template Matrix4x4 {
 <f6f23f45-7686-11cf-8f52-0040333594a3>
 array FLOAT matrix[16];
}

template FrameTransformMatrix {
 <f6f23f41-7686-11cf-8f52-0040333594a3>
 Matrix4x4 frameMatrix;
}

template Vector {
 <3d82ab5e-62da-11cf-ab39-0020af71e433>
 FLOAT x;
 FLOAT y;
 FLOAT z;
}

template MeshFace {
 <3d82ab5f-62da-11cf-ab39-0020af71e433>
 DWORD nFaceVertexIndices;
 array DWORD faceVertexIndices[nFaceVertexIndices];
}

template Mesh {
 <3d82ab44-62da-11cf-ab39-0020af71e433>
 DWORD nVertices;
 array Vector vertices[nVertices];
 DWORD nFaces;
 array MeshFace faces[nFaces];
 [...]
}

template MeshNormals {
 <f6f23f43-7686-11cf-8f52-0040333594a3>
 DWORD nNormals;
 array Vector normals[nNormals];
 DWORD nFaceNormals;
 array MeshFace faceNormals[nFaceNormals];
}

template MeshMaterialList {
 <f6f23f42-7686-11cf-8f52-0040333594a3>
 DWORD nMaterials;
 DWORD nFaceIndexes;
 array DWORD faceIndexes[nFaceIndexes];
 [Material <3d82ab4d-62da-11cf-ab39-0020af71e433>]
}

template Coords2d {
 <f6f23f44-7686-11cf-8f52-0040333594a3>
 FLOAT u;
 FLOAT v;
}

template MeshTextureCoords {
 <f6f23f40-7686-11cf-8f52-0040333594a3>
 DWORD nTextureCoords;
 array Coords2d textureCoords[nTextureCoords];
}

template XSkinMeshHeader {
 <3cf169ce-ff7c-44ab-93c0-f78f62d172e2>
 WORD nMaxSkinWeightsPerVertex;
 WORD nMaxSkinWeightsPerFace;
 WORD nBones;
}

template SkinWeights {
 <6f0d123b-bad2-4167-a0d0-80224f25fabb>
 STRING transformNodeName;
 DWORD nWeights;
 array DWORD vertexIndices[nWeights];
 array FLOAT weights[nWeights];
 Matrix4x4 matrixOffset;
}

template AnimTicksPerSecond {
 <9e415a43-7ba6-4a73-8743-b73d47e88476>
 DWORD AnimTicksPerSecond;
}

template Animation {
 <3d82ab4f-62da-11cf-ab39-0020af71e433>
 [...]
}

template AnimationSet {
 <3d82ab50-62da-11cf-ab39-0020af71e433>
 [Animation <3d82ab4f-62da-11cf-ab39-0020af71e433>]
}

template FloatKeys {
 <10dd46a9-775b-11cf-8f52-0040333594a3>
 DWORD nValues;
 array FLOAT values[nValues];
}

template TimedFloatKeys {
 <f406b180-7b3b-11cf-8f52-0040333594a3>
 DWORD time;
 FloatKeys tfkeys;
}

template AnimationKey {
 <10dd46a8-775b-11cf-8f52-0040333594a3>
 DWORD keyType;
 DWORD nKeys;
 array TimedFloatKeys keys[nKeys];
}


Material M_GabeUnderArmor {
 1.000000;1.000000;1.000000;1.000000;;
 10.000000;
 0.000000;0.000000;0.000000;;
 0.000000;0.000000;0.000000;;

 TextureFilename {
  "object/xFile/MP5_Aim_Anims/T_GabeUnderArmor_Diffuse.tga";
 }
}

Frame Hips {


 FrameTransformMatrix {
  0.828575,-0.559879,0.000000,0.000000,0.559879,0.828575,0.000000,0.000000,0.000000,0.000000,1.000000,0.000000,-11.639040,70.367315,0.000000,1.000000;;
 }

 Frame Spine {


  FrameTransformMatrix {
   0.870389,-0.492295,-0.008329,0.000000,0.492151,0.869389,0.044158,0.000000,-0.014497,-0.042534,0.998990,0.000000,-1.097446,10.413845,0.000000,1.000000;;
  }

  Frame Spine1 {


   FrameTransformMatrix {
    0.992136,-0.125116,0.003429,0.000000,0.124983,0.991808,0.026389,0.000000,-0.006703,-0.025753,0.999646,0.000000,-1.989113,9.494978,-0.000000,1.000000;;
   }

   Frame spine2 {


    FrameTransformMatrix {
     0.989980,-0.141162,-0.003474,0.000000,0.141205,0.989638,0.026021,0.000000,-0.000235,-0.026251,0.999655,0.000000,0.000000,7.571890,-0.119714,1.000000;;
    }

    Frame Neck {


     FrameTransformMatrix {
      0.993522,0.113637,0.000000,0.000000,-0.113638,0.993522,0.000000,0.000000,0.000000,0.000000,1.000000,0.000000,0.000015,3.971329,-0.033431,1.000000;;
     }

     Frame Head {


      FrameTransformMatrix {
       0.999588,-0.025965,-0.012233,0.000000,0.024807,0.995917,-0.086798,0.000000,0.014437,0.086459,0.996151,0.000000,3.360924,8.665398,0.306290,1.000000;;
      }

      Frame Eye_Right {


       FrameTransformMatrix {
        1.000000,-0.000000,-0.000000,0.000000,-0.000000,1.000000,0.000000,0.000000,0.000000,-0.000000,1.000000,0.000000,7.593506,3.808312,-2.619035,1.000000;;
       }
      }

      Frame Eye_Left {


       FrameTransformMatrix {
        1.000000,-0.000000,-0.000000,0.000000,-0.000000,1.000000,0.000000,0.000000,0.000000,-0.000000,1.000000,0.000000,7.593544,3.805843,2.312011,1.000000;;
       }
      }

      Frame Brow_Center {


       FrameTransformMatrix {
        1.000000,-0.000000,-0.000000,0.000000,-0.000000,1.000000,0.000000,0.000000,0.000000,-0.000000,1.000000,0.000000,9.946457,4.400970,-0.153145,1.000000;;
       }
      }

      Frame Brow_Right2 {


       FrameTransformMatrix {
        1.000000,-0.000000,-0.000000,0.000000,-0.000000,1.000000,0.000000,0.000000,0.000000,-0.000000,1.000000,0.000000,9.052902,4.753403,-3.488417,1.000000;;
       }
      }

      Frame Brow_Right1 {


       FrameTransformMatrix {
        1.000000,-0.000000,-0.000000,0.000000,-0.000000,1.000000,0.000000,0.000000,0.000000,-0.000000,1.000000,0.000000,9.861915,4.682907,-1.803670,1.000000;;
       }
      }

      Frame Brow_Left2 {


       FrameTransformMatrix {
        1.000000,-0.000000,-0.000000,0.000000,-0.000000,1.000000,0.000000,0.000000,0.000000,-0.000000,1.000000,0.000000,9.052910,4.753319,3.182127,1.000000;;
       }
      }

      Frame Jaw {


       FrameTransformMatrix {
        1.000000,-0.000000,-0.000000,0.000000,-0.000000,1.000000,0.000000,0.000000,0.000000,-0.000000,1.000000,0.000000,2.028175,-0.611000,-0.153145,1.000000;;
       }

       Frame Tounge {


        FrameTransformMatrix {
         1.000000,-0.000000,-0.000000,0.000000,-0.000000,1.000000,0.000000,0.000000,0.000000,-0.000000,1.000000,0.000000,2.626190,-1.091305,-0.000000,1.000000;;
        }
       }

       Frame LipBottom_Center {


        FrameTransformMatrix {
         1.000000,-0.000000,-0.000000,0.000000,-0.000000,1.000000,0.000000,0.000000,0.000000,-0.000000,1.000000,0.000000,7.155502,-1.052982,0.000000,1.000000;;
        }
       }

       Frame LipBottom_Left1 {


        FrameTransformMatrix {
         1.000000,-0.000000,-0.000000,0.000000,-0.000000,1.000000,0.000000,0.000000,0.000000,-0.000000,1.000000,0.000000,6.885201,-0.957447,1.069643,1.000000;;
        }
       }

       Frame LipBottom_Left2 {


        FrameTransformMatrix {
         1.000000,-0.000000,-0.000000,0.000000,-0.000000,1.000000,0.000000,0.000000,0.000000,-0.000000,1.000000,0.000000,6.394928,-0.963623,1.699710,1.000000;;
        }
       }

       Frame LipBottom_Right1 {


        FrameTransformMatrix {
         1.000000,-0.000000,-0.000000,0.000000,-0.000000,1.000000,0.000000,0.000000,0.000000,-0.000000,1.000000,0.000000,6.885223,-0.957352,-1.069643,1.000000;;
        }
       }

       Frame LipBottom_Right2 {


        FrameTransformMatrix {
         1.000000,-0.000000,-0.000000,0.000000,-0.000000,1.000000,0.000000,0.000000,0.000000,-0.000000,1.000000,0.000000,6.394966,-0.963352,-1.699710,1.000000;;
        }
       }
      }

      Frame Brow_Left1 {


       FrameTransformMatrix {
        1.000000,-0.000000,-0.000000,0.000000,-0.000000,1.000000,0.000000,0.000000,0.000000,-0.000000,1.000000,0.000000,9.861908,4.682747,1.497382,1.000000;;
       }
      }

      Frame LipTop_Center {


       FrameTransformMatrix {
        1.000000,-0.000000,-0.000000,0.000000,-0.000000,1.000000,0.000000,0.000000,0.000000,-0.000000,1.000000,0.000000,9.383866,-1.165772,-0.153145,1.000000;;
       }
      }

      Frame LipTop_Left1 {


       FrameTransformMatrix {
        1.000000,-0.000000,-0.000000,0.000000,-0.000000,1.000000,0.000000,0.000000,0.000000,-0.000000,1.000000,0.000000,9.179031,-1.177597,0.947277,1.000000;;
       }
      }

      Frame LipTop_Left2 {


       FrameTransformMatrix {
        1.000000,-0.000000,-0.000000,0.000000,-0.000000,1.000000,0.000000,0.000000,0.000000,-0.000000,1.000000,0.000000,8.500030,-1.241623,1.666301,1.000000;;
       }
      }

      Frame LipCorner_Left {


       FrameTransformMatrix {
        1.000000,-0.000000,-0.000000,0.000000,-0.000000,1.000000,0.000000,0.000000,0.000000,-0.000000,1.000000,0.000000,7.942711,-1.395561,2.136136,1.000000;;
       }
      }

      Frame LipTop_Right1 {


       FrameTransformMatrix {
        1.000000,-0.000000,-0.000000,0.000000,-0.000000,1.000000,0.000000,0.000000,0.000000,-0.000000,1.000000,0.000000,9.179009,-1.177601,-1.253567,1.000000;;
       }
      }

      Frame LipTop_Right2 {


       FrameTransformMatrix {
        1.000000,-0.000000,-0.000000,0.000000,-0.000000,1.000000,0.000000,0.000000,0.000000,-0.000000,1.000000,0.000000,8.500030,-1.241348,-1.972592,1.000000;;
       }
      }

      Frame LipCorner_Right {


       FrameTransformMatrix {
        1.000000,-0.000000,-0.000000,0.000000,-0.000000,1.000000,0.000000,0.000000,0.000000,-0.000000,1.000000,0.000000,7.942703,-1.395851,-2.442423,1.000000;;
       }
      }

      Frame Nose_Left {


       FrameTransformMatrix {
        1.000000,-0.000000,-0.000000,0.000000,-0.000000,1.000000,0.000000,0.000000,0.000000,-0.000000,1.000000,0.000000,9.479507,0.596161,0.838991,1.000000;;
       }
      }

      Frame Nose_Right {


       FrameTransformMatrix {
        1.000000,-0.000000,-0.000000,0.000000,-0.000000,1.000000,0.000000,0.000000,0.000000,-0.000000,1.000000,0.000000,9.479500,0.596161,-1.133115,1.000000;;
       }
      }

      Frame Squint_Left {


       FrameTransformMatrix {
        1.000000,-0.000000,-0.000000,0.000000,-0.000000,1.000000,0.000000,0.000000,0.000000,-0.000000,1.000000,0.000000,8.740914,2.712181,2.439617,1.000000;;
       }
      }

      Frame Cheek_Left {


       FrameTransformMatrix {
        1.000000,-0.000000,-0.000000,0.000000,-0.000000,1.000000,0.000000,0.000000,0.000000,-0.000000,1.000000,0.000000,8.350853,1.440117,3.136834,1.000000;;
       }
      }

      Frame EyeLidBottom_Left {


       FrameTransformMatrix {
        1.000000,-0.000000,-0.000000,0.000000,-0.000000,1.000000,0.000000,0.000000,0.000000,-0.000000,1.000000,0.000000,8.348579,3.255737,2.145491,1.000000;;
       }
      }

      Frame EyeLidTop_Left {


       FrameTransformMatrix {
        1.000000,-0.000000,-0.000000,0.000000,-0.000000,1.000000,0.000000,0.000000,0.000000,-0.000000,1.000000,0.000000,8.513840,3.930241,2.145491,1.000000;;
       }
      }

      Frame Cheek_Right {


       FrameTransformMatrix {
        1.000000,-0.000000,-0.000000,0.000000,-0.000000,1.000000,0.000000,0.000000,0.000000,-0.000000,1.000000,0.000000,8.350846,1.439903,-3.443126,1.000000;;
       }
      }

      Frame Squint_Right {


       FrameTransformMatrix {
        1.000000,-0.000000,-0.000000,0.000000,-0.000000,1.000000,0.000000,0.000000,0.000000,-0.000000,1.000000,0.000000,8.740883,2.711899,-2.745910,1.000000;;
       }
      }

      Frame EyeLidBottom_Right {


       FrameTransformMatrix {
        1.000000,-0.000000,-0.000000,0.000000,-0.000000,1.000000,0.000000,0.000000,0.000000,-0.000000,1.000000,0.000000,8.348549,3.255653,-2.451782,1.000000;;
       }
      }

      Frame EyeLidTop_Right {


       FrameTransformMatrix {
        1.000000,-0.000000,-0.000000,0.000000,-0.000000,1.000000,0.000000,0.000000,0.000000,-0.000000,1.000000,0.000000,8.513832,3.929909,-2.451783,1.000000;;
       }
      }
     }
    }

    Frame RightShoulder {


     FrameTransformMatrix {
      0.842666,0.165316,0.512431,0.000000,-0.048552,0.971153,-0.233463,0.000000,-0.536244,0.171852,0.826384,0.000000,0.000015,4.195194,-7.611832,1.000000;;
     }

     Frame RightArm {


      FrameTransformMatrix {
       0.994534,-0.046078,0.093692,0.000000,0.103990,0.356805,-0.928373,0.000000,0.009348,0.933042,0.359647,0.000000,0.000000,-3.998423,-10.111262,1.000000;;
      }

      Frame RightForeArm {


       FrameTransformMatrix {
        -0.679153,0.000229,0.733997,0.000000,-0.017158,0.999722,-0.016188,0.000000,-0.733797,-0.023588,-0.678960,0.000000,-0.698570,-0.009226,-21.433144,1.000000;;
       }

       Frame RightHand {


        FrameTransformMatrix {
         0.275994,-0.139314,-0.951009,0.000000,0.508081,0.861045,0.021316,0.000000,0.815892,-0.489073,0.308426,0.000000,1.517250,0.013563,-19.052320,1.000000;;
        }

        Frame RightHandThumb1 {


         FrameTransformMatrix {
          0.973360,-0.079374,-0.215105,0.000000,0.150731,0.928466,0.339457,0.000000,0.172774,-0.362837,0.915696,0.000000,5.158717,-3.474636,-4.191032,1.000000;;
         }

         Frame RightHandThumb2 {


          FrameTransformMatrix {
           0.838884,-0.078104,-0.538678,0.000000,0.269147,0.919719,0.285792,0.000000,0.473111,-0.384730,0.792558,0.000000,0.849077,-1.571098,-1.728512,1.000000;;
          }
         }
        }

        Frame RightHandIndex1 {


         FrameTransformMatrix {
          0.992588,0.023577,-0.119218,0.000000,-0.000000,0.981001,0.194003,0.000000,0.121527,-0.192565,0.973730,0.000000,3.469141,0.109446,-8.865837,1.000000;;
         }

         Frame RightHandIndex2 {


          FrameTransformMatrix {
           1.000000,0.000000,-0.000000,0.000000,-0.000000,0.086420,-0.996259,0.000000,0.000000,0.996259,0.086420,0.000000,0.000000,-0.222191,-2.976154,1.000000;;
          }

          Frame RightHandIndex3 {


           FrameTransformMatrix {
            1.000000,-0.000000,0.000000,0.000000,0.000000,0.010536,-0.999944,0.000000,-0.000000,0.999945,0.010536,0.000000,0.000000,-0.278519,-2.536596,1.000000;;
           }
          }
         }
        }

        Frame RightHandMiddle1 {


         FrameTransformMatrix {
          1.000000,0.000000,-0.000000,0.000000,-0.000000,0.551956,-0.833874,0.000000,-0.000000,0.833874,0.551956,0.000000,1.443170,0.082579,-9.164112,1.000000;;
         }

         Frame RightHandMiddle2 {


          FrameTransformMatrix {
           1.000000,0.000000,0.000000,0.000000,-0.000000,0.269278,-0.963062,0.000000,-0.000000,0.963062,0.269278,0.000000,-0.000000,-0.154282,-3.444840,1.000000;;
          }

          Frame RightHandMiddle3 {


           FrameTransformMatrix {
            1.000000,-0.000000,0.000000,0.000000,-0.000000,0.388119,-0.921609,0.000000,-0.000000,0.921609,0.388119,0.000000,-0.000000,-0.302681,-2.619682,1.000000;;
           }
          }
         }
        }

        Frame RightHandRing1 {


         FrameTransformMatrix {
          1.000000,0.000000,0.000000,0.000000,-0.000000,0.388119,-0.921610,0.000000,-0.000000,0.921609,0.388119,0.000000,-0.417592,0.050349,-9.088902,1.000000;;
         }

         Frame RightHandRing2 {


          FrameTransformMatrix {
           1.000000,-0.000000,-0.000000,0.000000,-0.000000,0.388119,-0.921609,0.000000,-0.000000,0.921609,0.388119,0.000000,0.000000,-0.130104,-3.208515,1.000000;;
          }

          Frame RightHandRing3 {


           FrameTransformMatrix {
            1.000000,0.000000,-0.000000,0.000000,0.000000,0.388119,-0.921609,0.000000,0.000000,0.921610,0.388119,0.000000,-0.000000,-0.295067,-2.460850,1.000000;;
           }
          }
         }
        }

        Frame RightHandPinky1 {


         FrameTransformMatrix {
          1.000000,0.000000,-0.000000,0.000000,-0.000000,0.311119,-0.950371,0.000000,-0.000000,0.950371,0.311119,0.000000,-2.217847,0.130499,-8.990757,1.000000;;
         }

         Frame RightHandPinky2 {


          FrameTransformMatrix {
           1.000000,0.000000,-0.000000,0.000000,0.000000,0.388119,-0.921609,0.000000,0.000000,0.921609,0.388119,0.000000,0.000000,-0.126812,-2.226139,1.000000;;
          }

          Frame RightHandPinky3 {


           FrameTransformMatrix {
            1.000000,-0.000000,0.000000,0.000000,-0.000000,0.388119,-0.921609,0.000000,0.000000,0.921609,0.388119,0.000000,0.000000,-0.349163,-1.823494,1.000000;;
           }
          }
         }
        }

        Frame WeaponRight {


         FrameTransformMatrix {
          1.000000,-0.000000,0.000000,0.000000,-0.000000,1.000000,0.000000,0.000000,-0.000000,-0.000000,1.000000,0.000000,0.600000,-1.499999,-5.887497,1.000000;;
         }

         Frame IK_LeftHand {


          FrameTransformMatrix {
           0.049017,0.049629,-0.997564,0.000000,-0.962986,0.267397,-0.034015,0.000000,0.265058,0.962307,0.060898,0.000000,1.621867,-6.451816,-15.874774,1.000000;;
          }
         }
        }
       }
      }
     }
    }

    Frame LeftShoulder {


     FrameTransformMatrix {
      0.654506,0.701660,-0.281593,0.000000,-0.473150,0.670630,0.571301,0.000000,0.589704,-0.240684,0.770922,0.000000,0.000015,4.194882,7.611833,1.000000;;
     }

     Frame LeftArm {


      FrameTransformMatrix {
       0.961607,-0.122178,-0.245734,0.000000,0.274398,0.441942,0.854045,0.000000,0.004255,-0.888684,0.458500,0.000000,0.000004,-3.998005,10.111274,1.000000;;
      }

      Frame LeftForeArm {


       FrameTransformMatrix {
        0.572303,0.000096,-0.820043,0.000000,-0.007799,0.999956,-0.005326,0.000000,0.820006,0.009443,0.572278,0.000000,-0.698568,-0.009001,21.433106,1.000000;;
       }

       Frame LeftHand {


        FrameTransformMatrix {
         -0.366461,0.441204,0.819173,0.000000,-0.545290,-0.815218,0.195136,0.000000,0.753900,-0.375177,0.539330,0.000000,1.517250,0.013000,19.052291,1.000000;;
        }

        Frame LeftHandThumb1 {


         FrameTransformMatrix {
          0.756686,-0.067065,0.650330,0.000000,0.353285,0.878930,-0.320423,0.000000,-0.550105,0.472212,0.688768,0.000000,5.158710,-3.474000,4.191099,1.000000;;
         }

         Frame LeftHandThumb2 {


          FrameTransformMatrix {
           0.756686,-0.067065,0.650330,0.000000,0.353286,0.878930,-0.320423,0.000000,-0.550105,0.472212,0.688768,0.000000,0.849077,-1.572002,1.728502,1.000000;;
          }
         }
        }

        Frame LeftHandIndex1 {


         FrameTransformMatrix {
          1.000000,0.000000,0.000000,0.000000,-0.000000,0.843656,0.536885,0.000000,0.000000,-0.536885,0.843656,0.000000,3.469143,0.110000,8.865900,1.000000;;
         }

         Frame LeftHandIndex2 {


          FrameTransformMatrix {
           1.000000,-0.000000,-0.000000,0.000000,0.000000,0.013877,0.999904,0.000000,-0.000000,-0.999904,0.013877,0.000000,-0.000004,-0.223000,2.976099,1.000000;;
          }

          Frame LeftHandIndex3 {


           FrameTransformMatrix {
            1.000000,0.000000,0.000000,0.000000,0.000000,-0.066901,0.997760,0.000000,-0.000000,-0.997760,-0.066901,0.000000,-0.000008,-0.277998,2.536601,1.000000;;
           }
          }
         }
        }

        Frame LeftHandMiddle1 {


         FrameTransformMatrix {
          1.000000,0.000000,0.000000,0.000000,0.000000,0.397741,0.917498,0.000000,0.000000,-0.917498,0.397741,0.000000,1.443165,0.082999,9.164201,1.000000;;
         }

         Frame LeftHandMiddle2 {


          FrameTransformMatrix {
           1.000000,-0.000000,-0.000000,0.000000,0.000000,0.222822,0.974859,0.000000,0.000000,-0.974859,0.222822,0.000000,0.000004,-0.153998,3.444800,1.000000;;
          }

          Frame LeftHandMiddle3 {


           FrameTransformMatrix {
            1.000000,-0.000000,0.000000,0.000000,-0.000000,0.578316,0.815813,0.000000,-0.000000,-0.815813,0.578316,0.000000,0.000004,-0.303001,2.619699,1.000000;;
           }
          }
         }
        }

        Frame LeftHandRing1 {


         FrameTransformMatrix {
          1.000000,0.000000,0.000000,0.000000,0.000000,0.397741,0.917498,0.000000,0.000000,-0.917498,0.397741,0.000000,-0.417603,0.051000,9.088898,1.000000;;
         }

         Frame LeftHandRing2 {


          FrameTransformMatrix {
           1.000000,-0.000000,-0.000000,0.000000,-0.000000,0.133265,0.991081,0.000000,0.000000,-0.991081,0.133264,0.000000,-0.000004,-0.131001,3.208602,1.000000;;
          }

          Frame LeftHandRing3 {


           FrameTransformMatrix {
            1.000000,-0.000000,-0.000000,0.000000,0.000000,0.783445,0.621461,0.000000,-0.000000,-0.621461,0.783445,0.000000,-0.000008,-0.295001,2.460801,1.000000;;
           }
          }
         }
        }

        Frame LeftHandPinky1 {


         FrameTransformMatrix {
          1.000000,0.000000,0.000000,0.000000,-0.000000,0.524167,0.851616,0.000000,0.000000,-0.851616,0.524167,0.000000,-2.217850,0.131001,8.990800,1.000000;;
         }

         Frame LeftHandPinky2 {


          FrameTransformMatrix {
           1.000000,0.000000,0.000000,0.000000,0.000000,0.881934,0.471373,0.000000,0.000000,-0.471373,0.881934,0.000000,-0.000008,-0.127001,2.226100,1.000000;;
          }

          Frame LeftHandPinky3 {


           FrameTransformMatrix {
            1.000000,0.000000,0.000000,0.000000,0.000000,0.088559,0.996071,0.000000,0.000000,-0.996071,0.088559,0.000000,-0.000004,-0.348999,1.823500,1.000000;;
           }
          }
         }
        }

        Frame WeaponLeft {


         FrameTransformMatrix {
          1.000000,0.000000,0.000000,0.000000,-0.000000,1.000000,-0.000000,0.000000,0.000000,0.000000,1.000000,0.000000,0.599998,-1.500000,5.887500,1.000000;;
         }
        }
       }
      }
     }
    }
   }

   Frame BackGun {


    FrameTransformMatrix {
     1.000000,0.000000,0.000000,0.000000,-0.000000,1.000000,-0.000000,0.000000,0.000000,-0.000000,1.000000,0.000000,-8.099998,8.150000,0.000000,1.000000;;
    }
   }
  }
 }

 Frame RightUpLeg {


  FrameTransformMatrix {
   0.115088,0.992464,-0.042064,0.000000,-0.992719,0.116427,0.030900,0.000000,0.035564,0.038202,0.998637,0.000000,0.000000,-9.803394,-11.415471,1.000000;;
  }

  Frame RightLeg {


   FrameTransformMatrix {
    0.426387,-0.904541,-0.000000,0.000000,0.904541,0.426387,0.000000,0.000000,0.000000,-0.000000,1.000000,0.000000,2.517128,-35.361091,0.000000,1.000000;;
   }

   Frame RightFoot {


    FrameTransformMatrix {
     0.962646,0.265946,0.050856,0.000000,-0.266848,0.963667,0.011741,0.000000,-0.045886,-0.024873,0.998637,0.000000,-7.651740,-34.069347,0.000000,1.000000;;
    }

    Frame RightToeBase {


     FrameTransformMatrix {
      1.000000,0.000000,-0.000000,0.000000,0.000000,1.000000,0.000000,0.000000,0.000000,0.000000,1.000000,0.000000,10.431230,-7.655530,0.000000,1.000000;;
     }
    }
   }
  }
 }

 Frame LeftUpLeg {


  FrameTransformMatrix {
   0.115280,0.993333,-0.000906,0.000000,-0.993333,0.115280,0.000666,0.000000,0.000766,0.000823,0.999999,0.000000,0.000000,-9.828655,11.415450,1.000000;;
  }

  Frame LeftLeg {


   FrameTransformMatrix {
    0.426511,-0.904483,0.000000,0.000000,0.904483,0.426511,0.000000,0.000000,-0.000000,0.000000,1.000000,0.000000,2.517124,-35.335827,0.000000,1.000000;;
   }

   Frame LeftFoot {


    FrameTransformMatrix {
     0.963939,0.265778,0.013527,0.000000,-0.265987,0.963823,0.017193,0.000000,-0.008468,-0.020171,0.999761,0.000000,-7.651739,-34.069350,0.000000,1.000000;;
    }

    Frame LeftToeBase {


     FrameTransformMatrix {
      1.000000,0.000000,-0.000000,0.000000,-0.000000,1.000000,0.000000,0.000000,0.000000,0.000000,1.000000,0.000000,10.431233,-7.655534,0.000001,1.000000;;
     }
    }
   }
  }
 }

 Frame IK1 {


  FrameTransformMatrix {
   1.000000,0.000000,0.000000,0.000000,0.000000,1.000000,0.000000,0.000000,0.000000,0.000000,1.000000,0.000000,30.000000,0.468594,2.000000,1.000000;;
  }
 }

 Frame IK2 {


  FrameTransformMatrix {
   1.000000,0.000000,0.000000,0.000000,0.000000,1.000000,0.000000,0.000000,0.000000,0.000000,1.000000,0.000000,30.000000,0.468594,-2.000000,1.000000;;
  }
 }
}

Frame Gabe_UnderArmor_Mesh {


 FrameTransformMatrix {
  1.000000,0.000000,0.000000,0.000000,0.000000,1.000000,0.000000,0.000000,0.000000,0.000000,1.000000,0.000000,0.000000,0.000000,0.000000,1.000000;;
 }

 Mesh Gabe_UnderArmor_Mesh {
  3456;
  -10.732287;75.701050;1.723668;,
  -10.402392;76.491078;0.000000;,
  -8.756213;74.448653;0.000000;,
  -2.304590;45.186214;14.892656;,
  -2.208795;42.618851;15.352222;,
  2.497468;44.297270;13.587054;,
  1.297439;40.977930;13.914459;,
  1.297439;40.977930;13.914459;,
  3.750724;40.008794;10.217116;,
  2.497468;44.297270;13.587054;,
  5.483143;44.169677;9.889044;,
  1.285996;40.356726;6.947215;,
  2.112428;36.985958;9.095498;,
  2.490097;44.027366;6.382739;,
  5.483143;44.169677;9.889044;,
  3.750724;40.008794;10.217116;,
  2.490097;44.027366;6.382739;,
  4.191617;49.678106;7.385730;,
  5.476069;50.058198;9.919866;,
  2.676196;50.284998;13.700563;,
  -2.304590;45.186214;14.892656;,
  -1.918473;49.815222;15.102622;,
  -5.141555;45.686528;14.224485;,
  -1.918473;49.815222;15.102622;,
  -5.042017;49.693859;14.214544;,
  -5.141555;45.686528;14.224485;,
  3.458005;49.239581;5.280199;,
  3.266818;49.646736;5.396284;,
  4.064997;50.163542;7.647550;,
  5.018043;50.680352;9.898815;,
  2.432528;50.804320;13.464715;,
  -1.832307;50.291440;14.799000;,
  -4.823064;50.093200;13.916283;,
  -7.283243;49.874208;9.623535;,
  7.795279;63.638426;9.451937;,
  5.791534;53.143882;10.071022;,
  4.778161;53.160432;6.707857;,
  3.242952;53.254109;13.527582;,
  3.242952;53.254109;13.527582;,
  -1.686629;53.769926;15.171666;,
  2.432528;50.804320;13.464715;,
  -5.093980;53.489114;13.877539;,
  -7.362230;52.958221;9.316930;,
  -5.092547;49.802032;5.654139;,
  -1.831625;49.691344;4.093328;,
  -1.919645;49.131837;3.965798;,
  -5.475705;53.135475;4.759897;,
  -9.393849;63.679072;9.168970;,
  -6.609194;63.912787;14.365216;,
  -0.962007;64.427040;15.836035;,
  4.606827;63.920058;14.130920;,
  4.822454;72.268794;13.189779;,
  -7.554149;63.622771;3.032078;,
  -8.426862;70.336723;2.521553;,
  -9.709850;71.115949;9.163693;,
  -6.490393;72.092237;13.729797;,
  -1.004136;72.646848;14.945678;,
  3.953024;79.982163;11.710079;,
  7.978407;78.042054;8.563991;,
  -1.633073;53.495219;3.322184;,
  -1.451183;63.991725;0.794023;,
  -1.200763;69.192064;0.316398;,
  -0.927375;71.389510;0.494296;,
  -8.608378;73.949491;2.775337;,
  -8.426862;70.336723;2.521553;,
  -9.268038;75.639136;9.026098;,
  -0.867582;71.615283;0.000000;,
  -8.712358;74.014682;0.823311;,
  -10.732287;75.701050;1.723668;,
  -8.756213;74.448653;0.000000;,
  -9.723840;76.859315;9.098758;,
  -6.156280;78.043085;12.615330;,
  -10.586142;75.851290;4.752171;,
  -11.795833;80.918618;3.334017;,
  -11.431459;80.472608;0.000000;,
  -10.594760;85.328851;0.000000;,
  -10.402392;76.491078;0.000000;,
  -11.153010;79.786048;6.222383;,
  -0.994401;81.385286;13.252487;,
  -6.003101;79.720461;12.624382;,
  -1.040535;80.212877;13.355150;,
  -10.144799;80.889523;8.891357;,
  -10.752642;83.387910;6.182069;,
  -10.844994;85.418336;3.312150;,
  -9.143303;87.980563;0.000000;,
  -9.958094;85.712570;7.217005;,
  -5.550047;84.681594;11.490097;,
  -0.835676;85.419014;12.899269;,
  3.315089;84.923187;11.412527;,
  -9.182982;88.466202;3.171238;,
  -8.078796;88.715456;7.475676;,
  -4.665340;88.672410;11.500143;,
  -0.676158;88.486336;12.301514;,
  3.133801;87.806208;11.001079;,
  5.404640;87.806208;9.491782;,
  3.972229;81.473677;11.620259;,
  5.807617;84.509530;10.252746;,
  7.498749;85.002637;7.405908;,
  7.583259;80.104698;7.961666;,
  7.245430;75.559603;3.847238;,
  7.972660;81.404563;6.342670;,
  8.860037;85.286374;4.559787;,
  8.817690;81.381638;4.039330;,
  8.860037;85.286374;4.559787;,
  7.972660;81.404563;6.342670;,
  6.876604;87.828538;7.937562;,
  8.531623;87.806214;4.601668;,
  8.893622;87.806221;0.000000;,
  8.947469;85.217478;0.000000;,
  8.959334;80.993709;0.000000;,
  9.120198;78.478387;2.465738;,
  8.459534;75.765536;2.941751;,
  9.220906;78.106989;0.000000;,
  8.537866;75.564358;0.000000;,
  4.229145;73.039155;0.952197;,
  4.118496;73.011610;0.000000;,
  -0.867582;71.615283;0.000000;,
  -0.927375;71.389510;0.494296;,
  4.265715;73.018522;1.567379;,
  4.259282;72.060301;1.830568;,
  3.826228;69.054022;1.616742;,
  7.761661;69.524160;4.430799;,
  7.276287;63.608256;5.356830;,
  2.656932;53.242944;4.485565;,
  3.543296;63.703680;1.997038;,
  -1.200763;69.192064;0.316398;,
  -1.451183;63.991725;0.794023;,
  -1.633073;53.495219;3.322184;,
  -1.831625;49.691344;4.093328;,
  -1.919645;49.131837;3.965798;,
  0.928848;39.057568;7.043078;,
  -2.505037;40.200608;5.707108;,
  1.145694;39.520470;6.901334;,
  -2.412588;40.532890;5.521388;,
  -2.227326;41.232730;5.590677;,
  -2.331889;44.269485;5.071537;,
  -2.590990;41.450544;15.410734;,
  -4.223131;36.267037;16.685618;,
  0.311238;35.786682;15.090640;,
  -0.579529;30.101741;15.345403;,
  1.199732;35.263312;13.318492;,
  1.319243;29.467712;11.165778;,
  2.377180;34.569731;10.970007;,
  1.214252;34.185018;8.845138;,
  1.495442;35.912774;8.730118;,
  0.051323;33.800298;6.720272;,
  -1.481860;24.759645;8.160582;,
  -4.672113;24.794104;7.030084;,
  -4.444341;28.302746;5.654983;,
  -0.710947;28.437162;7.081150;,
  0.249308;24.862968;11.363770;,
  -4.219127;33.498906;5.001750;,
  -4.760468;4.389500;7.521393;,
  -5.812629;7.785142;7.835371;,
  -1.497903;10.737383;9.270096;,
  -5.410666;10.276339;7.750525;,
  -4.904744;15.752126;8.342318;,
  -1.999367;15.999126;9.363182;,
  -0.464848;16.437590;11.430204;,
  -1.480398;24.907470;14.661443;,
  -4.675643;24.995088;15.807933;,
  -4.905602;15.652152;14.904112;,
  -1.999150;15.948381;13.869066;,
  -0.059840;11.453228;11.791456;,
  1.822495;8.239510;14.947635;,
  -1.498403;10.554894;14.330901;,
  -0.716560;3.810847;16.706368;,
  -5.410092;9.973101;15.676954;,
  -1.456711;2.198708;16.449746;,
  -4.259962;2.417216;16.317122;,
  -4.793198;4.382428;16.620739;,
  -6.161686;8.052418;15.800072;,
  -8.210099;10.528002;14.813778;,
  -7.777499;15.635275;14.052979;,
  -8.087438;24.910176;14.657528;,
  -8.756390;8.515089;15.191021;,
  -9.182098;6.669952;15.661043;,
  -9.944559;11.001470;11.550308;,
  -10.504619;8.855022;11.740408;,
  -11.264893;6.806859;12.042627;,
  -10.991228;6.200622;12.143866;,
  -8.871118;6.183626;15.187011;,
  -5.011589;4.099168;15.926749;,
  -8.908166;8.435854;8.672572;,
  -9.389342;6.662179;8.476648;,
  -9.109541;6.119824;8.873506;,
  -4.704099;2.173266;15.534200;,
  -4.343832;2.118164;15.936582;,
  -1.686684;1.749928;16.179453;,
  -1.392997;1.705009;15.843038;,
  -0.333479;3.406094;16.449685;,
  2.085426;7.670866;14.694066;,
  1.822495;8.239510;14.947635;,
  -0.716560;3.810847;16.706368;,
  3.082254;8.714993;12.077858;,
  3.420422;8.018478;12.170875;,
  2.406189;7.462329;8.948390;,
  2.275131;8.017307;8.711378;,
  -0.518418;3.737745;7.265222;,
  -0.316971;3.432889;7.658040;,
  -1.486986;2.099555;8.147386;,
  -1.345191;1.747840;8.807406;,
  -1.701496;1.802811;8.484142;,
  -4.341399;2.390495;8.278813;,
  -4.368091;2.175716;8.529417;,
  -4.681866;2.224126;8.865234;,
  -5.004299;4.141660;8.192325;,
  -8.608790;0.239923;15.005634;,
  -4.628960;0.474469;15.510637;,
  -4.704099;2.173266;15.534200;,
  -9.020853;2.216583;15.291952;,
  -10.587565;0.398786;12.107806;,
  -11.015215;2.404952;12.124470;,
  -8.871118;6.183626;15.187011;,
  -10.991228;6.200622;12.143866;,
  -9.109541;6.119824;8.873506;,
  -9.037305;2.252734;8.972142;,
  -5.004299;4.141660;8.192325;,
  -4.681866;2.224126;8.865234;,
  -8.625169;0.239951;9.182708;,
  -4.608487;0.542659;8.877085;,
  -5.011589;4.099168;15.926749;,
  2.406189;7.462329;8.948390;,
  3.420422;8.018478;12.170875;,
  6.435876;4.980501;8.917211;,
  5.415657;2.666667;7.253125;,
  -0.316971;3.432889;7.658040;,
  10.899658;2.717921;8.605157;,
  11.895462;0.264346;13.644088;,
  12.502734;0.431046;12.170346;,
  11.953264;1.274536;13.653336;,
  12.550288;1.285957;12.179309;,
  12.308504;1.293902;10.622350;,
  12.636818;2.570988;10.641358;,
  10.802251;1.303970;9.057238;,
  5.697215;1.288256;7.530806;,
  0.858741;1.276224;8.879410;,
  -1.345191;1.747840;8.807406;,
  -1.458879;0.511303;9.069894;,
  0.829396;-0.000003;8.965491;,
  5.695491;0.000027;7.576023;,
  10.762957;0.000028;9.085581;,
  12.261502;0.240186;10.624362;,
  12.210754;2.549273;13.791066;,
  9.922914;2.665913;15.710952;,
  9.822414;1.256037;15.247200;,
  5.722716;1.232799;16.463651;,
  10.087777;4.127857;9.831365;,
  11.427074;4.506197;10.995526;,
  12.849482;2.480757;12.182341;,
  9.783696;-0.000009;15.197766;,
  5.718083;-0.000016;16.402750;,
  9.696842;5.220811;12.188703;,
  6.671050;5.937969;12.188538;,
  9.112612;4.085007;14.506494;,
  6.443066;4.942269;14.607374;,
  5.429557;2.614407;17.015069;,
  1.252502;1.242408;16.285827;,
  1.234695;-0.000030;16.192630;,
  -1.483401;0.453567;15.776733;,
  -1.392997;1.705009;15.843038;,
  -0.333479;3.406094;16.449685;,
  2.085426;7.670866;14.694066;,
  5.502992;120.392038;2.456817;,
  5.761415;120.252800;0.000000;,
  4.518372;121.385459;1.887177;,
  4.604904;123.355763;0.686497;,
  4.798470;123.215795;0.000000;,
  4.594481;123.458061;0.000000;,
  4.308620;122.064269;0.622427;,
  4.019072;122.509222;1.852485;,
  3.592792;121.919309;3.802165;,
  5.154256;120.524262;4.794098;,
  3.209143;121.711155;5.865853;,
  4.334897;120.590349;7.367207;,
  2.207790;122.196595;7.747433;,
  -0.450941;124.012288;7.308253;,
  1.939644;122.615117;6.472109;,
  -0.340388;124.477555;5.816653;,
  2.016426;123.107610;5.144440;,
  3.219713;123.211405;3.498182;,
  4.309948;123.646912;1.887307;,
  4.406174;123.639936;0.660218;,
  1.761412;124.071795;4.737262;,
  3.425627;124.312883;3.046843;,
  4.067382;123.967270;1.789571;,
  2.293159;125.287718;4.413430;,
  -0.161549;125.256435;5.243558;,
  0.757126;126.555174;5.136068;,
  -1.330381;127.554957;4.946409;,
  -1.158819;127.788954;4.653972;,
  0.894461;126.787891;4.833621;,
  2.364642;125.539533;4.143192;,
  3.410224;124.509888;2.856031;,
  -4.321552;128.284621;2.254874;,
  -3.011688;127.990925;3.843599;,
  -4.011867;128.514522;2.129366;,
  -2.784033;128.233306;3.643260;,
  -1.939880;126.102682;5.176021;,
  -4.834957;126.747469;2.261719;,
  -5.128659;126.906368;0.000000;,
  -4.749799;128.395635;0.000000;,
  -4.383245;128.613632;0.000000;,
  -5.729752;123.959706;5.586167;,
  -4.608737;125.338202;4.515746;,
  -6.565680;123.859482;2.458194;,
  -5.488939;125.494490;2.275105;,
  -5.880680;125.504934;0.000000;,
  -3.832676;126.429632;4.187847;,
  -2.623310;125.256077;5.697374;,
  -3.006620;124.601549;6.792774;,
  -7.169415;123.809267;0.000000;,
  -3.389933;123.947034;7.888175;,
  -5.851264;122.885389;7.300629;,
  -7.953326;121.328781;6.612584;,
  -8.176712;121.291418;4.940946;,
  -8.464686;121.243213;2.786008;,
  -8.885724;121.336742;0.000000;,
  -0.515365;123.741146;8.120613;,
  0.319481;115.170086;55.271034;,
  -1.466358;114.712922;55.393453;,
  0.128014;115.557978;55.101363;,
  -1.501965;115.004506;55.217670;,
  -3.540943;115.222515;55.188557;,
  -3.725773;114.878144;55.343398;,
  -1.805244;119.341107;54.977709;,
  -0.301598;119.218842;54.984256;,
  -1.591694;118.978611;54.775565;,
  -0.387928;118.735962;54.780058;,
  0.638287;118.511936;55.030835;,
  0.555294;118.172301;54.842611;,
  1.244797;117.827277;55.102758;,
  0.939571;117.418522;54.898387;,
  0.993603;116.507827;54.954144;,
  1.509922;116.157389;55.207341;,
  -1.926643;115.755533;66.128749;,
  -2.143951;115.907878;67.363930;,
  -3.444603;115.898637;67.109786;,
  -1.714256;116.572928;67.833741;,
  -1.970955;116.532390;67.823014;,
  -1.708534;115.904934;67.355258;,
  -0.111603;115.897139;67.299398;,
  0.089897;115.736371;66.026221;,
  -0.095993;115.261901;64.109216;,
  1.630314;115.386752;64.654368;,
  0.714748;114.633062;63.589075;,
  1.839504;114.898970;64.095206;,
  0.227921;115.894758;67.292358;,
  1.596199;115.712141;65.714298;,
  1.830891;113.802368;63.386278;,
  2.400471;114.148250;63.718893;,
  2.477596;115.293734;63.699853;,
  2.276939;116.120717;64.250291;,
  2.186420;116.342259;65.538592;,
  2.035919;116.425165;67.076653;,
  1.602325;115.899930;66.966035;,
  0.615746;115.916659;67.314278;,
  3.041393;114.361843;63.494387;,
  0.743309;116.020262;70.366438;,
  0.757835;115.926810;70.634291;,
  0.356255;116.412826;70.722029;,
  0.335434;116.419904;70.463405;,
  0.324699;116.432525;70.206586;,
  0.729172;115.921408;70.076813;,
  0.241097;116.560192;67.769843;,
  1.636383;115.916262;70.016518;,
  2.078133;116.339251;70.042112;,
  1.641647;116.016384;70.338342;,
  1.642609;115.923034;70.606682;,
  0.902039;115.942682;72.687187;,
  0.557694;116.334157;72.723354;,
  1.662109;115.939520;72.663757;,
  2.084229;116.331328;70.358042;,
  2.078323;116.326950;70.619187;,
  2.033958;116.273203;72.643648;,
  1.662804;116.038118;72.818656;,
  0.910851;116.041229;72.841779;,
  2.030418;116.270579;72.800051;,
  2.025871;116.275904;72.967424;,
  1.662705;115.948915;72.943795;,
  0.919304;115.951962;72.966592;,
  0.570168;116.329920;72.878291;,
  0.584793;116.331213;73.042349;,
  1.024887;116.051789;74.157318;,
  1.668304;116.049306;74.138413;,
  1.978653;116.351462;74.698483;,
  1.562004;116.160832;74.781722;,
  1.695053;116.377382;75.103130;,
  1.562004;116.160832;74.781722;,
  1.161964;116.162291;74.793299;,
  1.064835;116.380186;75.123558;,
  0.761765;116.359987;74.735110;,
  -5.072472;116.294797;71.570048;,
  -5.050056;116.794931;71.427827;,
  -5.166100;116.393152;70.093165;,
  -5.062477;116.289280;71.690720;,
  -5.038048;116.792794;71.651232;,
  -4.724304;117.206106;71.644819;,
  -5.024895;116.782758;71.854010;,
  -4.714813;117.141542;71.907744;,
  -4.163864;117.138982;71.891059;,
  -4.167236;117.203520;71.627898;,
  -3.873932;116.840243;71.641318;,
  -3.873085;116.843802;71.418170;,
  -3.876335;116.234701;71.507475;,
  -3.900856;116.981786;70.216128;,
  -3.910629;116.308570;70.015603;,
  -3.899208;116.989811;69.897978;,
  -4.145958;117.476749;69.953421;,
  -3.906593;116.315136;69.812230;,
  -3.911369;116.325696;69.566170;,
  -3.906731;117.003930;69.522733;,
  -4.156570;117.461862;69.453638;,
  -4.895859;117.466803;69.505088;,
  -4.194694;117.724544;67.491814;,
  -4.800041;117.723430;67.399904;,
  -4.610886;117.988019;66.758746;,
  -3.702118;116.493734;67.492768;,
  -3.679832;117.175821;67.486470;,
  -3.440216;116.493427;67.483437;,
  -3.675590;117.607014;67.120659;,
  -3.418045;117.172237;67.475539;,
  -3.416504;116.961779;70.484128;,
  -3.444855;116.451341;70.632742;,
  -3.402977;116.952742;70.900307;,
  -3.434822;116.438554;70.885190;,
  -3.415825;116.431309;71.139450;,
  -3.381164;116.950272;71.302554;,
  -3.240906;116.850061;72.925197;,
  -3.046829;117.425254;71.440019;,
  -3.070457;117.517965;71.003757;,
  -3.088020;117.499507;70.407936;,
  -2.945335;117.766387;67.534426;,
  -3.405884;117.604877;67.107962;,
  -2.968826;118.078029;66.809210;,
  -3.416366;117.680128;66.760787;,
  -3.627510;117.688691;66.738854;,
  -3.457726;118.099994;66.079123;,
  -1.725594;118.084813;65.990355;,
  -3.471489;118.413978;65.960326;,
  -2.250679;118.075942;66.888013;,
  -4.137444;118.029402;66.774682;,
  -4.936981;117.955571;66.194547;,
  -4.790436;118.269056;66.074259;,
  -4.697197;118.442701;63.452736;,
  -4.843742;118.129203;63.218867;,
  -1.173981;118.098125;66.873594;,
  -0.364525;118.103296;66.883098;,
  -4.853150;117.765811;66.708845;,
  -5.398407;117.294656;65.645005;,
  -5.464485;117.452160;63.257370;,
  -5.354038;117.496435;61.377530;,
  -5.322277;116.297574;61.378867;,
  -5.469837;116.332762;63.280896;,
  -5.119469;115.830899;63.181184;,
  -5.048927;115.987149;65.689440;,
  -4.934891;116.289843;59.821485;,
  -4.577915;115.412493;60.502253;,
  -3.504952;118.293235;63.142195;,
  -4.696659;118.260557;61.340173;,
  -4.887528;117.569088;59.583245;,
  -4.239624;116.238630;58.760608;,
  -3.075188;115.320806;58.984544;,
  -3.139030;114.728742;60.405722;,
  -1.731609;115.511654;59.423290;,
  -0.207165;115.306752;58.820198;,
  0.106667;114.353498;59.713312;,
  -1.466358;114.712922;55.393453;,
  -3.725773;114.878144;55.343398;,
  -4.863609;116.053555;55.252909;,
  -4.530758;117.272717;58.267194;,
  -4.460613;118.342362;59.459027;,
  -3.431744;118.467533;61.210886;,
  -3.400654;118.608922;59.413568;,
  -4.157944;118.142618;58.011078;,
  -4.806961;117.343898;55.140525;,
  -3.200733;118.663424;57.791533;,
  -4.334156;118.465702;55.053926;,
  -3.222958;119.189760;54.997984;,
  0.256294;118.156736;65.900352;,
  0.281357;118.470362;65.772064;,
  -1.725288;118.496358;65.870509;,
  -1.709030;118.698714;63.316160;,
