xof 0303txt 0032
template ColorRGBA {
 <35ff44e0-6c7c-11cf-8f52-0040333594a3>
 FLOAT red;
 FLOAT green;
 FLOAT blue;
 FLOAT alpha;
}

template ColorRGB {
 <d3e16e81-7835-11cf-8f52-0040333594a3>
 FLOAT red;
 FLOAT green;
 FLOAT blue;
}

template Material {
 <3d82ab4d-62da-11cf-ab39-0020af71e433>
 ColorRGBA faceColor;
 FLOAT power;
 ColorRGB specularColor;
 ColorRGB emissiveColor;
 [...]
}

template TextureFilename {
 <a42790e1-7810-11cf-8f52-0040333594a3>
 STRING filename;
}

template Frame {
 <3d82ab46-62da-11cf-ab39-0020af71e433>
 [...]
}

template Matrix4x4 {
 <f6f23f45-7686-11cf-8f52-0040333594a3>
 array FLOAT matrix[16];
}

template FrameTransformMatrix {
 <f6f23f41-7686-11cf-8f52-0040333594a3>
 Matrix4x4 frameMatrix;
}

template Vector {
 <3d82ab5e-62da-11cf-ab39-0020af71e433>
 FLOAT x;
 FLOAT y;
 FLOAT z;
}

template MeshFace {
 <3d82ab5f-62da-11cf-ab39-0020af71e433>
 DWORD nFaceVertexIndices;
 array DWORD faceVertexIndices[nFaceVertexIndices];
}

template Mesh {
 <3d82ab44-62da-11cf-ab39-0020af71e433>
 DWORD nVertices;
 array Vector vertices[nVertices];
 DWORD nFaces;
 array MeshFace faces[nFaces];
 [...]
}

template MeshNormals {
 <f6f23f43-7686-11cf-8f52-0040333594a3>
 DWORD nNormals;
 array Vector normals[nNormals];
 DWORD nFaceNormals;
 array MeshFace faceNormals[nFaceNormals];
}

template MeshMaterialList {
 <f6f23f42-7686-11cf-8f52-0040333594a3>
 DWORD nMaterials;
 DWORD nFaceIndexes;
 array DWORD faceIndexes[nFaceIndexes];
 [Material <3d82ab4d-62da-11cf-ab39-0020af71e433>]
}

template Coords2d {
 <f6f23f44-7686-11cf-8f52-0040333594a3>
 FLOAT u;
 FLOAT v;
}

template MeshTextureCoords {
 <f6f23f40-7686-11cf-8f52-0040333594a3>
 DWORD nTextureCoords;
 array Coords2d textureCoords[nTextureCoords];
}

template XSkinMeshHeader {
 <3cf169ce-ff7c-44ab-93c0-f78f62d172e2>
 WORD nMaxSkinWeightsPerVertex;
 WORD nMaxSkinWeightsPerFace;
 WORD nBones;
}

template SkinWeights {
 <6f0d123b-bad2-4167-a0d0-80224f25fabb>
 STRING transformNodeName;
 DWORD nWeights;
 array DWORD vertexIndices[nWeights];
 array FLOAT weights[nWeights];
 Matrix4x4 matrixOffset;
}

template AnimTicksPerSecond {
 <9e415a43-7ba6-4a73-8743-b73d47e88476>
 DWORD AnimTicksPerSecond;
}

template Animation {
 <3d82ab4f-62da-11cf-ab39-0020af71e433>
 [...]
}

template AnimationSet {
 <3d82ab50-62da-11cf-ab39-0020af71e433>
 [Animation <3d82ab4f-62da-11cf-ab39-0020af71e433>]
}

template FloatKeys {
 <10dd46a9-775b-11cf-8f52-0040333594a3>
 DWORD nValues;
 array FLOAT values[nValues];
}

template TimedFloatKeys {
 <f406b180-7b3b-11cf-8f52-0040333594a3>
 DWORD time;
 FloatKeys tfkeys;
}

template AnimationKey {
 <10dd46a8-775b-11cf-8f52-0040333594a3>
 DWORD keyType;
 DWORD nKeys;
 array TimedFloatKeys keys[nKeys];
}


Material col1 {
 1.000000;1.000000;1.000000;1.000000;;
 10.000000;
 0.000000;0.000000;0.000000;;
 0.000000;0.000000;0.000000;;

 TextureFilename {
  "object/xFile/wolf/Wolf_col1_d.tga";
 }
}

Frame Root {
 

 FrameTransformMatrix {
  1.000000,0.000000,0.000000,0.000000,0.000000,1.000000,0.000000,0.000000,0.000000,0.000000,1.000000,0.000000,0.000000,-0.000000,-0.000000,1.000000;;
 }

 Frame Bone_PL {
  

  FrameTransformMatrix {
   1.000000,0.000000,0.000000,0.000000,0.000000,1.000000,0.000000,0.000000,0.000000,0.000000,1.000000,0.000000,5.000000,0.000000,-0.000002,1.000000;;
  }
 }

 Frame Bip01 {
  

  FrameTransformMatrix {
   0.467872,-0.851454,-0.236904,0.000000,0.880822,0.471206,0.046017,0.000000,0.072449,-0.230200,0.970443,0.000000,-56.970106,27.166365,-0.904034,1.000000;;
  }

  Frame Bip01Pelvis {
   

   FrameTransformMatrix {
    0.187182,0.965839,0.179215,0.000000,-0.308906,-0.115310,0.944077,0.000000,0.932491,-0.232075,0.276769,0.000000,0.000000,0.000000,0.000000,1.000000;;
   }

   Frame Bip01Spine {
    

    FrameTransformMatrix {
     0.982296,-0.114769,-0.148063,0.000000,0.153044,0.947443,0.280945,0.000000,0.108037,-0.298632,0.948234,0.000000,5.772144,-0.753303,-1.168026,1.000000;;
    }

    Frame Bip01Spine1 {
     

     FrameTransformMatrix {
      0.990322,0.088612,-0.106821,0.000000,-0.107354,0.976874,-0.184914,0.000000,0.087965,0.194592,0.976932,0.000000,12.413029,-0.002239,-0.011234,1.000000;;
     }

     Frame Bip01Spine2 {
      

      FrameTransformMatrix {
       0.961842,0.096470,-0.256034,0.000000,-0.132972,0.982651,-0.129287,0.000000,0.239120,0.158399,0.957983,0.000000,14.446806,-0.001796,-0.010857,1.000000;;
      }

      Frame Bip01Neck {
       

       FrameTransformMatrix {
        0.991069,-0.043594,-0.126021,0.000000,0.052846,0.996074,0.071025,0.000000,0.122430,-0.077051,0.989482,0.000000,14.129768,0.000549,-2.590088,1.000000;;
       }

       Frame Bip01Neck1 {
        

        FrameTransformMatrix {
         0.973056,0.000001,0.230570,0.000000,-0.000001,1.000000,-0.000000,0.000000,-0.230570,-0.000000,0.973056,0.000000,8.927269,-0.000000,-0.006920,1.000000;;
        }

        Frame Bip01Head {
         

         FrameTransformMatrix {
          0.576955,0.234920,-0.782263,0.000000,0.025453,0.952109,0.304699,0.000000,0.816379,-0.195709,0.543345,0.000000,8.925634,0.000000,0.000004,1.000000;;
         }

         Frame Bip01Head_Ns {
          

          FrameTransformMatrix {
           0.572293,0.000001,0.820050,0.000000,0.000001,1.000000,-0.000002,0.000000,-0.820050,0.000002,0.572293,0.000000,3.934105,-0.000068,14.764742,1.000000;;
          }
         }

         Frame Bip01Head_Jw {
          

          FrameTransformMatrix {
           -0.178517,-0.015414,0.983816,0.000000,-0.008951,0.999861,0.014041,0.000000,-0.983896,-0.006300,-0.178630,0.000000,-1.821342,-0.000082,5.230837,1.000000;;
          }

          Frame Bip01Head_Tn {
           

           FrameTransformMatrix {
            0.999995,-0.000001,-0.003064,0.000000,-0.000002,-1.000000,-0.000387,0.000000,-0.003064,0.000387,-0.999995,0.000000,2.868997,-0.000009,-2.057602,1.000000;;
           }

           Frame Bip01Head_Tn1 {
            

            FrameTransformMatrix {
             0.999062,-0.000003,0.043313,0.000000,0.000003,1.000000,-0.000001,0.000000,-0.043313,0.000001,0.999062,0.000000,1.641439,-0.000005,0.053696,1.000000;;
            }

            Frame Bip01Head_Tn2 {
             

             FrameTransformMatrix {
              0.985538,-0.000004,0.169452,0.000000,0.000003,1.000000,0.000007,0.000000,-0.169452,-0.000007,0.985538,0.000000,2.633682,0.000010,0.032448,1.000000;;
             }
            }
           }
          }
         }

         Frame Bip01_Leye {
          

          FrameTransformMatrix {
           0.946229,0.179462,0.269155,0.000000,-0.024875,-0.789188,0.613648,0.000000,0.322540,-0.587347,-0.742288,0.000000,5.358398,2.819107,6.568020,1.000000;;
          }
         }

         Frame Bip01_Reye {
          

          FrameTransformMatrix {
           0.940654,-0.149157,0.304832,0.000000,0.057775,-0.814740,-0.576941,0.000000,0.334414,0.560314,-0.757771,0.000000,5.290695,-2.846526,6.603116,1.000000;;
          }
         }
        }
       }

       Frame Bip01LClavicle {
        

        FrameTransformMatrix {
         -0.132506,0.429318,0.893380,0.000000,0.991169,0.052789,0.121642,0.000000,0.005062,0.901609,-0.432522,0.000000,-8.017238,3.803884,-2.312050,1.000000;;
        }

        Frame Bip01LUpperArm {
         

         FrameTransformMatrix {
          0.252609,-0.953850,0.162354,0.000000,0.616848,0.288036,0.732484,0.000000,-0.745444,-0.084885,0.661141,0.000000,13.426963,0.000002,-0.000002,1.000000;;
         }

         Frame Bip01LForeArm {
          

          FrameTransformMatrix {
           0.756905,-0.000000,-0.653525,0.000000,0.000000,1.000000,0.000000,0.000000,0.653525,-0.000000,0.756905,0.000000,13.370497,-0.000003,-0.000004,1.000000;;
          }

          Frame Bip01LHand {
           

           FrameTransformMatrix {
            0.991368,0.127439,-0.030827,0.000000,-0.085509,0.806646,0.584816,0.000000,0.099395,-0.577132,0.810580,0.000000,13.953344,-0.000001,0.000002,1.000000;;
           }

           Frame Bip01LFinger0 {
            

            FrameTransformMatrix {
             0.095246,0.086848,-0.991658,0.000000,-0.073069,0.994109,0.080045,0.000000,0.992768,0.064835,0.101031,0.000000,11.730418,-0.351383,0.017172,1.000000;;
            }

            Frame Bip01LFinger01 {
             

             FrameTransformMatrix {
              0.999237,-0.000000,-0.039063,0.000000,0.000000,1.000000,0.000000,0.000000,0.039063,0.000000,0.999237,0.000000,6.923384,0.000000,0.000001,1.000000;;
             }
            }
           }
          }
         }
        }
       }

       Frame Bip01RClavicle {
        

        FrameTransformMatrix {
         -0.190223,-0.472476,0.860570,0.000000,-0.976268,-0.001391,-0.216560,0.000000,0.103516,-0.881342,-0.460999,0.000000,-7.640841,-4.796525,-1.646744,1.000000;;
        }

        Frame Bip01RUpperArm {
         

         FrameTransformMatrix {
          0.336068,0.868662,-0.363985,0.000000,-0.298315,-0.268390,-0.915956,0.000000,-0.893346,0.416405,0.168938,0.000000,13.426968,-0.000006,0.000000,1.000000;;
         }

         Frame Bip01RForeArm {
          

          FrameTransformMatrix {
           0.824158,0.000000,-0.566361,0.000000,0.000000,1.000000,-0.000000,0.000000,0.566360,-0.000000,0.824158,0.000000,13.370501,-0.000001,0.000002,1.000000;;
          }

          Frame Bip01RHand {
           

           FrameTransformMatrix {
            0.991513,0.071965,-0.108277,0.000000,-0.050256,0.980243,0.191306,0.000000,0.119905,-0.184241,0.975540,0.000000,13.953339,0.000000,-0.000002,1.000000;;
           }

           Frame Bip01RFinger0 {
            

            FrameTransformMatrix {
             0.251456,-0.291543,-0.922915,0.000000,0.046288,0.956086,-0.289410,0.000000,0.966761,0.030054,0.253908,0.000000,11.730418,0.351386,0.017174,1.000000;;
            }

            Frame Bip01RFinger01 {
             

             FrameTransformMatrix {
              0.998920,0.032183,-0.033524,0.000000,-0.030013,0.997542,0.063319,0.000000,0.035479,-0.062244,0.997430,0.000000,6.923384,-0.000002,-0.000000,1.000000;;
             }
            }
           }
          }
         }
        }
       }

       Frame Bip01Neck_hair {
        

        FrameTransformMatrix {
         -0.999464,0.000018,0.032736,0.000000,-0.032736,-0.000002,-0.999464,0.000000,-0.000018,-1.000000,0.000003,0.000000,8.907837,-0.000008,0.106468,1.000000;;
        }
       }
      }
     }
    }
   }

   Frame Bip01LThigh {
    

    FrameTransformMatrix {
     0.632589,0.385004,0.672014,0.000000,0.145578,-0.911331,0.385074,0.000000,0.760683,-0.145764,-0.632546,0.000000,-0.000004,7.284850,0.000008,1.000000;;
    }

    Frame Bip01LCalf {
     

     FrameTransformMatrix {
      -0.243066,0.000000,-0.970010,0.000000,-0.000000,1.000000,-0.000000,0.000000,0.970010,-0.000000,-0.243066,0.000000,18.361534,0.000000,-0.000005,1.000000;;
     }

     Frame Bip01LHorseLink {
      

      FrameTransformMatrix {
       -0.541945,0.000000,0.840414,0.000000,0.000000,1.000000,-0.000000,0.000000,-0.840414,0.000000,-0.541945,0.000000,15.665349,0.000008,-0.000006,1.000000;;
      }

      Frame Bip01LFoot {
       

       FrameTransformMatrix {
        0.206609,0.327401,-0.922020,0.000000,-0.182704,0.938687,0.292379,0.000000,0.961213,0.108049,0.253758,0.000000,13.848307,-0.000004,-0.000002,1.000000;;
       }

       Frame Bip01LToe0 {
        

        FrameTransformMatrix {
         -0.000001,-0.000002,1.000000,0.000000,0.000000,1.000000,0.000002,0.000000,-1.000000,0.000000,-0.000001,0.000000,4.696837,-0.000004,6.436316,1.000000;;
        }
       }
      }
     }
    }
   }

   Frame Bip01RThigh {
    

    FrameTransformMatrix {
     0.576347,-0.679127,0.454545,0.000000,-0.283554,-0.687854,-0.668172,0.000000,0.766434,0.256211,-0.589011,0.000000,0.000011,-7.284853,-0.000008,1.000000;;
    }

    Frame Bip01RCalf {
     

     FrameTransformMatrix {
      -0.660473,-0.000000,-0.750850,0.000000,-0.000000,1.000000,0.000000,0.000000,0.750850,0.000000,-0.660473,0.000000,18.361542,0.000011,0.000006,1.000000;;
     }

     Frame Bip01RHorseLink {
      

      FrameTransformMatrix {
       0.349610,0.000000,0.936896,0.000000,-0.000000,1.000000,-0.000000,0.000000,-0.936896,0.000000,0.349610,0.000000,15.665355,-0.000004,-0.000001,1.000000;;
      }

      Frame Bip01RFoot {
       

       FrameTransformMatrix {
        0.807591,-0.579847,-0.107588,0.000000,0.587738,0.806371,0.065807,0.000000,0.048598,-0.116379,0.992015,0.000000,13.848312,0.000000,-0.000004,1.000000;;
       }

       Frame Bip01RToe0 {
        

        FrameTransformMatrix {
         -0.000000,-0.000000,1.000000,0.000000,-0.000001,1.000000,0.000000,0.000000,-1.000000,-0.000001,-0.000000,0.000000,4.696837,0.000000,6.436325,1.000000;;
        }
       }
      }
     }
    }
   }

   Frame Bip01-Tail {
    

    FrameTransformMatrix {
     -0.947314,0.204236,-0.246748,0.000000,0.121086,0.941524,0.314437,0.000000,0.296538,0.267993,-0.916649,0.000000,-6.594360,2.841242,-5.424473,1.000000;;
    }

    Frame Bip01-Tail1 {
     

     FrameTransformMatrix {
      0.996252,-0.082954,-0.024527,0.000000,0.083243,0.996469,0.011003,0.000000,0.023527,-0.013003,0.999639,0.000000,18.782059,0.000177,-0.013451,1.000000;;
     }

     Frame Bip01-Tail2 {
      

      FrameTransformMatrix {
       0.980116,-0.115319,0.161476,0.000000,0.114468,0.993320,0.014593,0.000000,-0.162080,0.004181,0.986769,0.000000,16.905616,-0.000056,-0.013279,1.000000;;
      }

      Frame Bip01-Tail3 {
       

       FrameTransformMatrix {
        0.961666,-0.137653,0.237171,0.000000,0.135709,0.990444,0.024584,0.000000,-0.238288,0.008544,0.971157,0.000000,16.906632,-0.000116,-0.013071,1.000000;;
       }
      }
     }
    }
   }
  }
 }
}

Frame wolf {
 

 FrameTransformMatrix {
  1.000000,0.000000,0.000000,0.000000,0.000000,1.000000,0.000000,0.000000,0.000000,0.000000,1.000000,0.000000,0.000000,0.000000,0.000000,1.000000;;
 }

 Mesh wolf {
  2632;
  18.423904;3.809581;4.989836;,
  16.536611;3.425723;5.124858;,
  17.857851;0.849057;4.476184;,
  -86.915763;46.900848;0.805756;,
  -85.384634;47.161411;0.477055;,
  -85.680371;47.747120;1.051317;,
  -86.670752;46.535782;0.320591;,
  -87.981702;46.128746;0.537280;,
  -86.670752;46.535782;0.320591;,
  -86.915763;46.900848;0.805756;,
  -87.830496;45.933334;0.234020;,
  -85.923597;48.265344;0.000015;,
  -87.181190;47.383232;0.000016;,
  -88.292902;46.344288;0.000016;,
  -86.915763;46.900848;0.805756;,
  -89.313299;45.202659;0.000016;,
  -87.709702;45.755210;0.000016;,
  -86.513965;46.260611;0.000016;,
  -85.181747;46.819930;0.000015;,
  -86.670752;46.535782;0.320591;,
  -85.384634;47.161411;0.477055;,
  -83.839706;47.717216;0.903215;,
  -84.111040;48.660259;1.452153;,
  -84.322400;49.611222;0.000015;,
  -81.668032;49.034778;2.048372;,
  -81.487821;50.738083;0.000014;,
  -79.266419;46.998771;2.135904;,
  -81.618362;47.094800;0.000014;,
  -83.667648;47.194890;0.000015;,
  -88.402003;47.614122;0.000016;,
  -86.829747;47.388253;0.551425;,
  -86.902221;47.843766;0.000016;,
  -85.971360;48.413222;0.000015;,
  -79.266419;46.998771;2.135904;,
  -81.242598;46.121331;1.287102;,
  -82.475142;44.683539;0.756288;,
  -82.630355;44.990803;0.000015;,
  -82.981005;43.253619;0.000015;,
  -82.177338;44.474784;0.000015;,
  -80.799936;45.366106;0.000014;,
  -79.104570;45.966566;0.000014;,
  -76.791130;46.077699;0.000013;,
  -65.478944;41.776618;0.000011;,
  -70.235962;45.309814;2.330930;,
  -70.210259;43.752272;0.000012;,
  -73.937050;46.460864;2.539275;,
  -73.923693;45.323504;0.000013;,
  -76.763603;46.970771;2.514510;,
  -79.233498;48.917309;2.722523;,
  -78.814707;50.658269;1.218669;,
  -76.775373;48.794902;3.320102;,
  -74.067366;48.599770;3.894883;,
  -70.221306;47.571187;4.705584;,
  -76.666227;50.658947;1.240202;,
  -74.055635;50.486534;1.087304;,
  -70.189338;49.467766;3.066389;,
  -65.744570;49.522042;3.965726;,
  -78.684614;51.236816;0.000013;,
  -78.814707;50.658269;1.218669;,
  -76.629760;51.268646;-0.000001;,
  -74.255206;50.912291;1.942371;,
  -70.234246;50.843078;2.735870;,
  -65.872640;51.735920;1.832223;,
  -61.515776;51.384483;2.048923;,
  -61.508525;53.360416;0.000009;,
  -57.822765;53.715475;0.000008;,
  -57.721146;52.230717;1.852130;,
  -70.321376;52.211885;0.901788;,
  -65.968576;53.469482;0.000010;,
  -70.292595;53.094550;0.000011;,
  -74.268710;52.277782;0.000012;,
  -76.716294;51.883805;0.000013;,
  -76.757082;50.891341;1.499495;,
  -78.785523;51.693171;0.000013;,
  -78.816058;51.165117;0.961453;,
  -81.473306;52.137018;0.000014;,
  -53.674045;52.348022;2.679480;,
  -48.507344;49.094832;4.705832;,
  -48.922912;53.701606;2.341043;,
  -53.287286;47.334557;5.008718;,
  -47.431981;44.818579;2.727963;,
  -62.942464;54.137600;0.739558;,
  -62.325824;54.818022;0.000009;,
  -66.287603;55.123706;0.000010;,
  -60.163213;52.740109;1.235168;,
  -59.977734;54.050650;0.000009;,
  -57.721146;52.230717;1.852130;,
  -57.822765;53.715475;0.000008;,
  -53.811750;54.222739;0.000006;,
  -49.135475;55.336410;0.000004;,
  -43.935798;55.307482;2.228995;,
  -42.701501;50.772307;4.168728;,
  -38.067914;56.122554;2.177489;,
  -38.406490;57.802874;0.000001;,
  -43.695405;57.558752;0.000002;,
  -41.348848;46.980963;2.912181;,
  -36.664621;52.253933;3.945970;,
  -31.816166;57.351712;1.855711;,
  -34.656499;57.809651;0.000000;,
  -34.654381;57.992122;0.583459;,
  -26.158869;56.383430;2.774772;,
  -26.106019;58.293542;1.593219;,
  -30.639968;54.144890;3.434780;,
  -34.343818;58.713613;0.000000;,
  -36.663555;59.315309;0.000001;,
  -31.530003;58.719859;-0.000000;,
  -26.163152;59.090400;-0.000001;,
  -21.410765;57.624602;-0.000001;,
  -26.106019;58.293542;1.593219;,
  -26.158869;56.383430;2.774772;,
  -26.069507;54.444346;1.738710;,
  -30.639968;54.144890;3.434780;,
  -29.727654;51.640742;2.470357;,
  -25.650674;53.438598;0.051196;,
  -29.029597;50.404246;-0.000000;,
  -34.384237;47.182528;0.000001;,
  -35.334019;48.920752;2.836947;,
  -39.981651;44.880266;0.000002;,
  -41.348848;46.980963;2.912181;,
  -46.527702;42.717450;0.000004;,
  -52.200448;42.937142;2.648389;,
  -57.304634;46.604854;5.360213;,
  -56.392602;42.686198;2.521949;,
  -61.157434;46.423558;5.373876;,
  -60.707763;42.987805;2.312328;,
  -57.519450;50.735702;3.311021;,
  -61.506835;49.380470;4.170292;,
  -65.611251;46.544829;5.181440;,
  -65.402400;43.368438;2.148911;,
  -60.390253;41.253952;0.000010;,
  -56.101549;40.922858;0.000008;,
  -52.200448;42.937142;2.648389;,
  -51.370480;40.671578;0.000007;,
  -57.721146;52.230717;1.852130;,
  -22.837976;57.868973;5.770598;,
  -24.594763;61.437133;-0.000001;,
  -28.488029;57.590746;-0.000001;,
  -27.952294;53.280528;4.602904;,
  -27.181133;51.106758;5.951844;,
  -24.682382;53.391619;6.641528;,
  -30.392538;46.182237;3.165786;,
  -31.867488;49.325242;2.606195;,
  -29.121104;46.749450;-0.000000;,
  -30.140682;50.595421;-0.000000;,
  -30.116218;53.594688;-0.000000;,
  -31.669882;52.518416;1.254328;,
  -28.200598;56.413101;2.018291;,
  -22.188203;55.548339;7.289733;,
  4.458644;61.257766;6.111470;,
  0.612662;60.431450;5.714667;,
  3.795333;58.693254;7.919330;,
  9.226646;59.456474;9.552358;,
  9.972974;55.774214;12.443224;,
  16.980973;57.863642;12.721104;,
  -0.568530;63.282426;2.645463;,
  3.291144;63.017805;2.961161;,
  2.412365;63.827910;0.000000;,
  2.745182;62.042784;5.239088;,
  8.526592;62.298982;7.008025;,
  15.598595;61.828237;10.598222;,
  21.002317;62.957350;10.708492;,
  22.304610;59.734253;12.083318;,
  28.010710;61.435949;10.685244;,
  30.070323;56.694182;12.092050;,
  14.846312;64.516282;7.567830;,
  26.909082;63.754118;7.108186;,
  19.821869;65.625555;7.619426;,
  18.917707;67.698285;3.645342;,
  14.277554;66.440531;3.521491;,
  8.224874;64.076371;3.214981;,
  26.196330;65.836051;3.728946;,
  25.270064;67.891341;0.272983;,
  18.160230;68.631302;0.000001;,
  14.133066;67.146470;0.000001;,
  8.054978;65.132640;0.000001;,
  -31.669882;52.518416;1.254328;,
  -28.488029;57.590746;-0.000001;,
  -30.116218;53.594688;-0.000000;,
  -28.200598;56.413101;2.018291;,
  41.913302;41.176269;4.336300;,
  40.717011;42.706736;9.317645;,
  39.706198;39.283638;5.893650;,
  42.926925;45.085405;8.258162;,
  45.770611;46.576989;5.421366;,
  45.815053;43.699216;3.314956;,
  45.051104;42.164058;0.000002;,
  41.382589;39.413178;0.000002;,
  39.771866;37.811626;2.566859;,
  40.357517;37.672765;0.000002;,
  39.883731;38.970986;4.347079;,
  48.127437;47.022349;3.551691;,
  50.296115;48.110397;3.147583;,
  48.117722;44.570010;0.000002;,
  49.747702;46.897661;0.000003;,
  52.737238;48.450202;2.273290;,
  51.777734;47.908995;0.000003;,
  53.281341;48.697856;3.489754;,
  51.965869;49.915946;5.497149;,
  50.351443;49.671805;7.478010;,
  48.331738;49.818858;8.151254;,
  45.683690;49.356368;7.964400;,
  42.936957;48.346192;8.768858;,
  57.287200;44.873216;1.525678;,
  55.246163;46.561837;0.000003;,
  57.830387;44.034896;0.000003;,
  55.418867;47.102800;1.753949;,
  55.407334;46.887974;2.323689;,
  52.737238;48.450202;2.273290;,
  -23.997336;19.935178;6.622458;,
  -27.412070;17.099088;6.819530;,
  -26.342848;20.603045;6.151294;,
  -26.919478;12.091833;7.314722;,
  -27.551520;7.423759;6.636664;,
  -28.816659;12.302788;6.864844;,
  -29.752141;15.299933;7.100012;,
  -27.584058;15.097586;7.140835;,
  -29.774870;17.360690;7.015922;,
  -28.167347;20.384434;6.536006;,
  -24.252117;24.497397;5.109435;,
  -21.683810;24.689035;4.922674;,
  -21.498882;33.445402;2.510411;,
  -25.714178;29.641555;4.180518;,
  -24.527712;33.558666;2.708673;,
  -22.439245;28.761491;3.836946;,
  -18.836773;28.625315;4.238618;,
  -26.795264;25.361851;5.703313;,
  -13.561970;32.746035;10.273008;,
  -16.130538;27.727149;6.047819;,
  -13.398377;32.876595;5.742068;,
  -16.920299;33.419677;3.524474;,
  -20.853653;36.281600;1.293387;,
  -24.009341;35.390870;1.739455;,
  -20.689214;36.842880;0.761792;,
  -23.763506;36.490730;0.877848;,
  -23.665757;36.660694;0.024574;,
  -17.937226;36.844163;0.965821;,
  -18.146902;36.679846;1.710012;,
  -14.142930;37.222294;2.786858;,
  -14.209683;37.592317;1.666119;,
  -10.348033;38.974755;2.482704;,
  -20.676565;36.719494;0.000001;,
  -17.785846;36.698480;0.000001;,
  -14.207762;37.163338;0.000001;,
  -10.374737;38.325882;0.000001;,
  -4.400354;38.985677;0.000000;,
  -4.400126;39.785610;2.429462;,
  1.420780;38.421504;2.411674;,
  12.579838;34.015050;2.045997;,
  7.666498;37.921962;6.240214;,
  6.741836;36.027680;2.333767;,
  1.272584;37.608058;0.000000;,
  6.370775;35.104739;0.000001;,
  12.165169;33.291818;0.000001;,
  15.830696;33.482806;1.724265;,
  15.635410;33.124122;0.000001;,
  19.370840;33.167363;1.477784;,
  19.287584;33.088646;0.000002;,
  8.994585;42.933328;10.017770;,
  13.648312;36.026960;4.923712;,
  13.708136;41.622202;8.677490;,
  19.264523;33.207344;2.462479;,
  16.081150;34.844989;3.973331;,
  16.197624;36.756045;5.960099;,
  19.309109;33.868301;4.207594;,
  9.534450;57.202598;8.989638;,
  2.648787;51.612477;9.515506;,
  10.124670;53.315322;10.353529;,
  9.452458;48.924163;11.662166;,
  2.473134;47.591600;10.423202;,
  2.050683;43.157059;9.565566;,
  1.636191;40.268774;6.174892;,
  -4.313762;41.254112;5.902302;,
  -4.647927;47.664694;9.409782;,
  -4.402713;43.615968;8.894746;,
  -8.095002;42.961632;9.150316;,
  -8.139298;40.290326;6.128130;,
  -9.387870;39.051187;6.104174;,
  -10.053350;46.508742;10.851577;,
  -11.219543;36.439078;5.652569;,
  -11.168535;36.542320;10.155508;,
  -13.117822;39.483376;12.624098;,
  -16.019478;33.753370;12.747210;,
  -9.660975;40.210643;9.753062;,
  -11.956652;44.869194;12.132508;,
  -16.864965;45.363546;12.360167;,
  -12.123058;51.020163;10.705469;,
  14.757904;64.050867;5.697506;,
  8.456936;62.602234;5.761114;,
  2.630669;55.938144;7.961006;,
  -5.128025;51.748077;8.748663;,
  2.070626;61.718074;5.026528;,
  -5.448164;55.853101;7.408356;,
  7.822081;64.563232;0.000001;,
  14.376754;66.150413;0.223696;,
  19.534226;66.122035;5.988718;,
  18.787531;67.837107;0.296185;,
  26.703493;64.614438;5.393910;,
  25.683710;67.004838;0.295873;,
  34.719894;63.415411;4.544092;,
  34.846253;49.244957;10.666137;,
  35.795430;55.722899;8.677733;,
  30.326134;56.069261;12.511003;,
  28.368208;60.875418;9.856195;,
  35.383552;58.980064;8.383977;,
  21.443387;61.631424;11.328264;,
  16.395830;58.783078;10.830528;,
  37.895210;45.291213;7.942170;,
  38.807469;50.828794;10.242538;,
  42.634189;52.638042;9.500476;,
  41.226941;56.739910;9.745590;,
  41.161715;59.820915;7.675197;,
  45.425504;58.318982;9.412298;,
  47.055888;53.677875;8.913180;,
  44.729344;48.180310;5.604613;,
  41.470531;46.667526;6.884484;,
  44.984666;61.415520;7.784974;,
  33.845936;66.020826;0.052774;,
  40.245869;63.626451;4.014011;,
  44.008784;64.226522;3.758698;,
  40.241978;66.467469;0.000002;,
  44.093904;66.735776;0.000002;,
  31.430678;44.295987;11.755152;,
  28.665059;47.993907;13.086173;,
  33.530285;42.421565;10.746034;,
  34.266042;40.460765;7.317756;,
  35.111005;39.077034;4.241788;,
  32.559987;36.203830;3.572848;,
  31.949690;37.084314;5.359834;,
  29.552675;35.061821;3.271109;,
  30.328525;35.180829;5.084160;,
  28.184438;33.213792;5.232639;,
  30.161286;34.740563;1.714110;,
  31.676096;37.783686;7.416780;,
  30.303427;39.029098;10.579236;,
  29.064384;35.573747;7.559202;,
  25.309152;37.432422;12.328341;,
  27.331683;41.119533;12.246432;,
  23.855699;44.797635;13.215540;,
  25.820883;52.457027;14.352856;,
  18.958704;48.871622;13.407219;,
  17.636958;54.446118;12.723370;,
  23.040920;57.533600;13.740216;,
  18.381822;43.388374;12.898910;,
  14.433744;48.850586;12.012822;,
  22.331285;30.723754;10.676078;,
  24.374712;30.219936;7.541526;,
  24.125685;34.728896;11.622717;,
  20.529554;35.565734;13.155821;,
  21.909622;39.447094;13.458742;,
  18.192968;39.277190;12.953734;,
  14.089581;43.470205;11.102075;,
  14.667485;38.229485;10.029792;,
  17.427614;35.658349;12.731714;,
  18.847493;31.251277;11.632768;,
  21.169064;26.985869;10.748874;,
  22.981027;27.149786;8.474522;,
  19.112083;31.524493;4.716255;,
  15.732368;33.898675;6.102910;,
  14.259917;34.466480;9.220762;,
  16.272134;30.838269;11.445897;,
  17.246565;26.922874;11.328070;,
  17.152078;22.454784;10.875411;,
  14.490302;30.902906;6.710092;,
  13.476640;30.642787;9.197888;,
  14.542802;26.569410;9.850615;,
  15.128782;22.050261;9.522503;,
  15.660242;22.349250;7.639694;,
  15.508125;26.948822;7.866229;,
  16.902213;27.466765;5.988104;,
  18.248795;17.029509;6.135225;,
  17.467445;22.617094;5.992754;,
  20.399195;22.626307;10.601695;,
  17.326315;17.158190;10.492755;,
  15.216053;17.226307;9.094046;,
  15.695709;17.193174;7.122542;,
  17.562330;12.831324;5.951021;,
  21.849794;22.551760;8.529285;,
  21.169064;26.985869;10.748874;,
  20.399195;22.626307;10.601695;,
  19.918349;17.001470;6.112378;,
  20.978507;22.615158;6.259751;,
  21.017482;17.027958;7.875712;,
  19.869970;17.062779;10.177723;,
  17.028098;12.942112;9.769064;,
  15.126917;12.979242;8.382260;,
  15.357637;12.960254;6.609312;,
  19.314901;13.037047;9.654187;,
  20.323198;12.997313;7.398162;,
  19.398867;12.950836;6.088526;,
  17.562330;12.831324;5.951021;,
  17.502045;6.928414;5.279735;,
  18.248795;17.029509;6.135225;,
  17.467445;22.617094;5.992754;,
  19.507000;22.627779;5.946413;,
  16.902213;27.466765;5.988104;,
  19.407342;6.545508;9.719966;,
  20.117152;6.854306;7.050561;,
  18.972472;6.937461;5.636112;,
  18.190376;4.089567;4.126568;,
  16.536611;3.425723;5.124858;,
  17.857851;0.849057;4.476184;,
  18.423904;3.809581;4.989836;,
  21.050328;3.670983;5.954596;,
  18.657061;1.826457;5.486516;,
  23.027454;1.365651;5.041948;,
  21.467192;4.129416;7.063273;,
  23.877117;2.789302;5.550850;,
  25.212245;-0.381767;5.978706;,
  22.212368;-0.373410;5.683255;,
  17.297714;-0.061353;6.082626;,
  16.452754;4.152658;10.424668;,
  16.696829;0.052617;10.258793;,
  18.100144;2.302167;11.049064;,
  21.201077;1.330890;12.974330;,
  19.413157;3.470134;10.954500;,
  21.618864;3.419588;12.225559;,
  20.486605;3.978571;10.116065;,
  21.969334;4.117018;11.099834;,
  23.508766;3.989534;7.422108;,
  24.998285;2.140419;6.351992;,
  24.292779;-0.285258;12.317134;,
  21.370490;-0.363949;12.807890;,
  25.553290;-0.321702;9.613794;,
  25.255395;2.130900;9.766501;,
  23.847702;2.135283;12.252642;,
  16.303152;7.175637;6.078556;,
  17.502045;6.928414;5.279735;,
  15.178766;4.614192;5.995582;,
  16.536611;3.425723;5.124858;,
  16.224112;2.526041;6.280513;,
  14.696054;4.545069;8.892458;,
  15.894557;2.498308;9.366515;,
  15.608178;7.164606;8.383302;,
  17.330218;6.854210;9.948636;,
  30.965104;34.060646;-3.236782;,
  29.012742;33.380496;-6.451892;,
  30.685555;35.299981;-6.003436;,
  29.335910;32.798490;-3.538128;,
  26.445032;31.285485;-3.457498;,
  28.122752;32.405334;-6.079023;,
  26.270133;30.412176;0.000002;,
  29.970573;32.742637;0.000002;,
  32.114922;34.164493;0.000002;,
  34.261763;35.327251;0.000002;,
  32.984550;36.117677;-3.572844;,
  30.771027;37.226134;-8.024609;,
  28.995258;36.016550;-8.525571;,
  27.914714;33.641565;-8.297994;,
  28.122752;32.405334;-6.079023;,
  34.932880;39.869117;-7.224701;,
  59.629619;48.853894;-1.820037;,
  58.897018;48.715466;-1.831049;,
  59.249997;49.115914;-1.841654;,
  59.262323;48.507098;-1.778263;,
  58.953517;48.013936;-1.628296;,
  59.607219;48.405392;-1.601439;,
  60.008723;48.731616;-1.573926;,
  60.586285;48.969238;0.000003;,
  60.976640;48.369987;-1.179097;,
  60.592154;48.965776;0.000003;,
  61.274234;48.521376;0.000003;,
  61.276653;48.521302;0.000003;,
  60.557542;48.275683;-2.273243;,
  61.880710;48.338307;-1.221839;,
  61.887686;48.501245;0.000003;,
  54.172224;50.021114;-2.659930;,
  53.637136;51.672822;0.000003;,
  53.869107;51.027344;0.000003;,
  54.364301;51.694998;-3.734856;,
  54.511827;52.204525;0.000003;,
  55.641184;51.986880;-3.454286;,
  57.182573;50.113875;0.000003;,
  56.456186;51.481696;-3.237923;,
  57.790470;49.699142;-2.999751;,
  58.911520;48.862336;-2.911509;,
  54.858253;52.010179;-4.060783;,
  53.794138;51.194781;-4.235349;,
  53.786387;50.429130;-3.386735;,
  54.869722;49.402333;-2.883197;,
  55.226483;49.224547;-2.322332;,
  56.077101;47.635859;-2.264681;,
  56.114758;47.667907;-1.897117;,
  57.509408;46.427437;-2.059293;,
  57.569530;46.479827;-1.688320;,
  58.791814;45.702701;-1.425173;,
  58.676608;45.668672;-1.102913;,
  59.226368;45.302550;0.000003;,
  58.654496;45.443210;0.000003;,
  55.870349;48.014672;0.000003;,
  58.626093;45.469482;0.000003;,
  55.870349;48.014672;0.000003;,
  58.654496;45.443210;0.000003;,
  58.791814;45.702701;1.425179;,
  57.569530;46.479827;1.688326;,
  57.509408;46.427437;2.059299;,
  58.676608;45.668672;1.102918;,
  59.226368;45.302550;0.000003;,
  56.114758;47.667907;1.897122;,
  53.869107;51.027344;0.000003;,
  55.226483;49.224547;2.322337;,
  54.172224;50.021114;2.659935;,
  54.858253;52.010173;4.060789;,
  54.364301;51.694998;3.734861;,
  55.641184;51.986880;3.454292;,
  53.794138;51.194778;4.235354;,
  53.786387;50.429126;3.386740;,
  54.869722;49.402333;2.883202;,
  56.077101;47.635859;2.264687;,
  53.637136;51.672822;0.000003;,
  54.511827;52.204525;0.000003;,
  57.182573;50.113875;0.000003;,
  56.456186;51.481696;3.237929;,
  57.790477;49.699142;2.999757;,
  58.911520;48.862336;2.911515;,
  60.586285;48.969238;0.000003;,
  60.557542;48.275683;2.273249;,
  60.976640;48.369984;1.179103;,
  61.880710;48.338307;1.221845;,
  61.276653;48.521302;0.000003;,
  61.887686;48.501245;0.000003;,
  61.274234;48.521376;0.000003;,
  60.592154;48.965776;0.000003;,
  53.691328;50.064659;-3.107980;,
  54.614650;50.101027;-2.711317;,
  53.939648;49.714669;-2.695386;,
  54.313523;50.417920;-3.054729;,
  54.695840;50.665370;-2.842237;,
  54.035699;50.864109;-3.115435;,
  53.412102;50.548538;-3.216852;,
  50.264346;52.254368;0.000003;,
  49.838627;52.618579;-2.556169;,
  49.552870;52.141827;0.000003;,
  51.625757;50.461072;0.000003;,
  53.740877;50.915738;-1.690633;,
  54.167238;50.357005;0.000003;,
  51.946400;50.888931;-2.067374;,
  49.298330;49.414413;0.000002;,
  49.619891;49.905696;-3.019391;,
  52.549296;52.427821;-2.597889;,
  49.572022;51.796134;-3.808372;,
  52.817814;52.932522;-1.724455;,
  52.603178;52.601578;0.000003;,
  58.608678;47.733338;-1.175929;,
  58.651040;47.822166;-0.857819;,
  59.420013;47.287347;-0.622517;,
  58.236173;47.211389;-0.951190;,
  56.190458;48.577046;-1.164882;,
  56.899501;48.910048;-1.523918;,
  54.942963;50.121606;-1.375303;,
  55.472102;50.712163;-1.771399;,
  54.273715;51.777229;-2.132228;,
  54.499827;52.110864;-1.400687;,
  55.957216;50.748803;-1.263265;,
  57.100282;49.019613;-1.110757;,
  54.784429;51.255085;0.000003;,
  54.864013;51.183930;0.000003;,
  57.709805;48.179002;0.000003;,
  57.779200;48.129555;0.000003;,
  59.630701;47.236086;0.000003;,
  59.335142;46.976304;-0.541691;,
  59.559488;46.953190;0.000003;,
  57.247878;47.700624;0.000003;,
  57.163213;47.755706;0.000003;,
  54.205606;50.333427;0.000003;,
  52.089270;50.441152;0.000003;,
  51.625757;50.461072;0.000003;,
  54.167238;50.357005;0.000003;,
  59.630701;47.236086;0.000003;,
  59.335142;46.976304;0.541696;,
  59.559488;46.953190;0.000003;,
  58.236179;47.211392;0.951196;,
  57.247878;47.700624;0.000003;,
  56.190458;48.577046;1.164888;,
  57.163213;47.755706;0.000003;,
  54.205606;50.333427;0.000003;,
  54.942963;50.121606;1.375308;,
  53.740870;50.915728;1.690639;,
  59.420013;47.287347;0.622523;,
  58.608678;47.733338;1.175934;,
  56.899501;48.910048;1.523923;,
  55.472102;50.712157;1.771404;,
  54.273715;51.777232;2.132233;,
  51.946400;50.888931;2.067380;,
  52.549296;52.427821;2.597894;,
  54.499827;52.110867;1.400693;,
  52.817814;52.932522;1.724460;,
  49.298330;49.414413;0.000002;,
  49.619891;49.905696;3.019397;,
  49.572022;51.796134;3.808377;,
  49.838627;52.618579;2.556175;,
  50.264346;52.254368;0.000003;,
  52.603178;52.601578;0.000003;,
  49.552870;52.141827;0.000003;,
  54.784429;51.255085;0.000003;,
  55.957216;50.748803;1.263270;,
  54.864013;51.183930;0.000003;,
  57.100282;49.019613;1.110763;,
  57.709805;48.179002;0.000003;,
  58.651040;47.822166;0.857824;,
  57.779200;48.129555;0.000003;,
  55.246163;46.561837;0.000003;,
  57.287200;44.873216;-1.525672;,
  57.830387;44.034896;0.000003;,
  48.127440;47.022349;-3.551686;,
  48.117722;44.570010;0.000002;,
  45.815056;43.699216;-3.314952;,
  50.296112;48.110390;-3.147578;,
  49.747702;46.897661;0.000003;,
  52.737238;48.450202;-2.273285;,
  51.777734;47.908995;0.000003;,
  55.418867;47.102800;-1.753944;,
  55.407328;46.887974;-2.323684;,
  53.281341;48.697859;-3.489749;,
  45.051104;42.164058;0.000002;,
  51.965869;49.915952;-5.497144;,
  50.351443;49.671805;-7.478005;,
  48.331741;49.818864;-8.151249;,
  45.683686;49.356362;-7.964395;,
  45.770618;46.576995;-5.421361;,
  42.926925;45.085408;-8.258158;,
  42.936954;48.346192;-8.768854;,
  41.913299;41.176262;-4.336295;,
  40.717011;42.706736;-9.317642;,
  39.706192;39.283638;-5.893646;,
  41.382589;39.413178;0.000002;,
  39.771862;37.811626;-2.566854;,
  40.357517;37.672765;0.000002;,
  39.883731;38.970986;-4.347075;,
  55.048787;51.940966;-2.883128;,
  54.281837;51.821920;-2.872661;,
  54.545939;52.279066;-2.879489;,
  54.641594;51.508864;-2.888868;,
  54.407686;51.210714;-2.536587;,
  54.967123;51.291795;-2.440084;,
  55.229101;51.862118;-2.386643;,
  61.042054;48.290589;-0.309263;,
  60.732998;48.136966;-0.309128;,
  60.874784;48.282058;-0.626593;,
  61.312979;48.623946;-0.291814;,
  61.219712;48.704074;-0.607898;,
  61.147744;48.646278;0.000003;,
  60.870061;48.278938;0.000003;,
  60.864902;48.276378;0.000003;,
  60.257306;48.109075;-1.664055;,
  60.888262;49.126758;-1.989284;,
  60.965894;49.121354;-1.476635;,
  59.638515;48.079280;-2.294222;,
  60.074950;49.292099;-2.216181;,
  60.133056;47.978918;-2.184087;,
  59.633574;47.214221;-1.838553;,
  59.562573;47.256570;-2.120857;,
  58.543635;46.348464;-1.961856;,
  59.216800;47.321245;-2.219187;,
  57.961056;45.582118;-1.429029;,
  58.547917;45.794864;-1.061037;,
  58.061510;45.427251;-1.055326;,
  58.411296;45.891987;-1.389493;,
  58.840262;46.392688;-1.274083;,
  58.091398;46.156506;-1.454953;,
  57.572102;45.899056;-1.480993;,
  62.903680;48.596051;0.000003;,
  61.887686;48.501245;0.000003;,
  61.880710;48.338307;-1.221839;,
  57.790470;49.699142;-2.999751;,
  56.953178;51.837056;-3.985397;,
  58.509274;50.392349;-3.341346;,
  59.489978;49.256438;-3.198209;,
  58.911520;48.862336;-2.911509;,
  60.557542;48.275683;-2.273243;,
  61.084032;48.764758;-2.624410;,
  62.528051;48.662019;-1.567580;,
  63.146701;49.261344;-1.433808;,
  63.767174;49.127149;0.000003;,
  59.180531;50.878022;-3.310219;,
  59.911059;51.783030;-2.647290;,
  58.869280;54.833459;-1.710411;,
  60.747418;52.843779;-1.918257;,
  62.709158;50.006813;-2.383510;,
  62.004787;49.642022;-2.721348;,
  58.023802;54.286118;-2.732152;,
  58.121926;55.668122;-1.789281;,
  57.423251;53.656467;-3.634044;,
  57.281734;55.019648;-3.209054;,
  57.091750;55.797824;-2.364739;,
  57.483776;56.346298;-2.445884;,
  58.236166;57.024435;-2.080644;,
  58.025344;57.533971;-2.761465;,
  57.624858;56.874931;-2.817087;,
  58.176627;58.280122;-2.609625;,
  56.865267;58.910016;-4.113321;,
  56.921146;57.924774;-4.199141;,
  56.962221;57.296160;-3.874428;,
  54.953606;57.777786;-5.275769;,
  56.971616;55.702592;-3.408724;,
  56.318522;56.040032;-4.158365;,
  56.735731;56.103757;-2.408566;,
  57.200518;56.627354;-2.748466;,
  57.148890;57.068774;-3.088120;,
  56.701677;57.318323;-3.719420;,
  56.295821;57.381440;-4.134500;,
  55.731443;56.813594;-4.656565;,
  55.535910;55.153709;-5.034764;,
  53.898112;56.544800;-6.648890;,
  54.427091;54.399226;-5.671007;,
  56.302912;53.099331;-4.318934;,
  55.968416;52.593130;-4.406132;,
  54.754445;52.652547;-4.891930;,
  53.824147;53.423386;-5.615715;,
  53.113763;55.586688;-7.262495;,
  56.456186;51.481696;-3.237923;,
  55.641184;51.986880;-3.454286;,
  54.858253;52.010179;-4.060783;,
  53.794138;51.194781;-4.235349;,
  53.225741;52.030093;-5.868019;,
  51.737306;52.880515;-7.883243;,
  56.077101;47.635859;-2.264681;,
  53.281338;48.697856;-3.489749;,
  54.869722;49.402333;-2.883197;,
  53.786387;50.429130;-3.386735;,
  51.965997;49.916202;-5.497131;,
  50.351453;49.671830;-7.478013;,
  52.698720;48.324922;-3.266882;,
  50.716083;47.659174;-3.611639;,
  52.131184;47.129174;-2.877612;,
  54.057139;46.128582;-2.466976;,
  55.407328;46.887978;-2.323684;,
  57.509408;46.427437;-2.059293;,
  57.287200;44.873216;-1.525672;,
  58.791814;45.702701;-1.425173;,
  58.630330;44.533091;0.000003;,
  59.226368;45.302550;0.000003;,
  55.673242;44.760544;-1.426017;,
  57.830387;44.034896;0.000003;,
  56.823232;43.683974;0.000003;,
  56.295821;57.381440;-4.134500;,
  56.701677;57.318323;-3.719420;,
  56.447718;56.883942;-3.908765;,
  57.102048;56.670810;-3.383837;,
  57.148890;57.068774;-3.088120;,
  57.200518;56.627354;-2.748466;,
  56.723462;55.964339;-2.935722;,
  56.735731;56.103757;-2.408566;,
  56.543328;56.304614;-3.586327;,
  58.422848;45.526010;-0.873383;,
  58.886374;45.824886;-0.596782;,
  58.278989;45.580464;-0.561427;,
  58.986630;45.784163;-0.857398;,
  58.986995;45.930790;-0.868537;,
  58.709165;45.949222;-1.038463;,
  58.108794;45.713059;-1.086724;,
  55.386272;59.530061;-5.593900;,
  55.494669;58.535597;-5.572583;,
  53.806029;57.880570;-6.995553;,
  50.461776;55.333178;-9.059286;,
  51.054496;57.825299;-8.621454;,
  56.128595;60.647149;-4.567146;,
  57.823091;60.014451;-1.800226;,
  57.468288;59.811834;-3.394608;,
  56.651974;61.604640;-2.917412;,
  55.427910;62.040282;-4.393295;,
  55.009504;61.166362;-5.972719;,
  53.246144;59.386835;-7.645253;,
  51.030976;60.450253;-8.486105;,
  48.317520;58.210138;-9.789052;,
  55.779462;62.885312;-2.711066;,
  54.817485;63.775507;-4.398418;,
  54.559322;63.115066;-5.405930;,
  51.914566;61.805056;-6.716283;,
  50.112659;61.172371;-8.923558;,
  49.065885;60.165875;-8.777888;,
  46.270397;60.868685;-8.714270;,
  54.641901;64.578554;-2.398820;,
  55.158861;64.580518;-3.228750;,
  51.986502;65.344243;-3.558548;,
  40.534272;63.399731;-7.384290;,
