xof 0303txt 0032
template ColorRGBA {
 <35ff44e0-6c7c-11cf-8f52-0040333594a3>
 FLOAT red;
 FLOAT green;
 FLOAT blue;
 FLOAT alpha;
}

template ColorRGB {
 <d3e16e81-7835-11cf-8f52-0040333594a3>
 FLOAT red;
 FLOAT green;
 FLOAT blue;
}

template Material {
 <3d82ab4d-62da-11cf-ab39-0020af71e433>
 ColorRGBA faceColor;
 FLOAT power;
 ColorRGB specularColor;
 ColorRGB emissiveColor;
 [...]
}

template TextureFilename {
 <a42790e1-7810-11cf-8f52-0040333594a3>
 STRING filename;
}

template Frame {
 <3d82ab46-62da-11cf-ab39-0020af71e433>
 [...]
}

template Matrix4x4 {
 <f6f23f45-7686-11cf-8f52-0040333594a3>
 array FLOAT matrix[16];
}

template FrameTransformMatrix {
 <f6f23f41-7686-11cf-8f52-0040333594a3>
 Matrix4x4 frameMatrix;
}

template Vector {
 <3d82ab5e-62da-11cf-ab39-0020af71e433>
 FLOAT x;
 FLOAT y;
 FLOAT z;
}

template MeshFace {
 <3d82ab5f-62da-11cf-ab39-0020af71e433>
 DWORD nFaceVertexIndices;
 array DWORD faceVertexIndices[nFaceVertexIndices];
}

template Mesh {
 <3d82ab44-62da-11cf-ab39-0020af71e433>
 DWORD nVertices;
 array Vector vertices[nVertices];
 DWORD nFaces;
 array MeshFace faces[nFaces];
 [...]
}

template MeshNormals {
 <f6f23f43-7686-11cf-8f52-0040333594a3>
 DWORD nNormals;
 array Vector normals[nNormals];
 DWORD nFaceNormals;
 array MeshFace faceNormals[nFaceNormals];
}

template MeshMaterialList {
 <f6f23f42-7686-11cf-8f52-0040333594a3>
 DWORD nMaterials;
 DWORD nFaceIndexes;
 array DWORD faceIndexes[nFaceIndexes];
 [Material <3d82ab4d-62da-11cf-ab39-0020af71e433>]
}

template Coords2d {
 <f6f23f44-7686-11cf-8f52-0040333594a3>
 FLOAT u;
 FLOAT v;
}

template MeshTextureCoords {
 <f6f23f40-7686-11cf-8f52-0040333594a3>
 DWORD nTextureCoords;
 array Coords2d textureCoords[nTextureCoords];
}

template XSkinMeshHeader {
 <3cf169ce-ff7c-44ab-93c0-f78f62d172e2>
 WORD nMaxSkinWeightsPerVertex;
 WORD nMaxSkinWeightsPerFace;
 WORD nBones;
}

template SkinWeights {
 <6f0d123b-bad2-4167-a0d0-80224f25fabb>
 STRING transformNodeName;
 DWORD nWeights;
 array DWORD vertexIndices[nWeights];
 array FLOAT weights[nWeights];
 Matrix4x4 matrixOffset;
}

template AnimTicksPerSecond {
 <9e415a43-7ba6-4a73-8743-b73d47e88476>
 DWORD AnimTicksPerSecond;
}

template Animation {
 <3d82ab4f-62da-11cf-ab39-0020af71e433>
 [...]
}

template AnimationSet {
 <3d82ab50-62da-11cf-ab39-0020af71e433>
 [Animation <3d82ab4f-62da-11cf-ab39-0020af71e433>]
}

template FloatKeys {
 <10dd46a9-775b-11cf-8f52-0040333594a3>
 DWORD nValues;
 array FLOAT values[nValues];
}

template TimedFloatKeys {
 <f406b180-7b3b-11cf-8f52-0040333594a3>
 DWORD time;
 FloatKeys tfkeys;
}

template AnimationKey {
 <10dd46a8-775b-11cf-8f52-0040333594a3>
 DWORD keyType;
 DWORD nKeys;
 array TimedFloatKeys keys[nKeys];
}


Material ArgoniteGiant_MI {
 1.000000;1.000000;1.000000;1.000000;;
 10.000000;
 0.000000;0.000000;0.000000;;
 0.000000;0.000000;0.000000;;


 TextureFilename {
  "object/xFile/ArgoniteGiant/ArgoniteGiant_diff.tga";
 }
}

Frame Dummy_root {
 

 FrameTransformMatrix {
  1.000000,0.000000,0.000000,0.000000,0.000000,1.000000,0.000000,0.000000,0.000000,-0.000000,1.000000,0.000000,0.000000,0.000000,0.000000,1.000000;;
 }

 Frame FxBottom {
  

  FrameTransformMatrix {
   1.000000,0.000000,0.000000,0.000000,0.000000,1.000000,0.000000,0.000000,0.000000,0.000000,1.000000,0.000000,0.000000,0.000000,-0.000000,1.000000;;
  }
 }

 Frame Bip01 {
  

  FrameTransformMatrix {
   0.742036,0.064121,-0.667286,0.000000,-0.089326,0.995996,-0.003626,0.000000,0.664382,0.062297,0.744793,0.000000,-8.519026,32.303750,0.000000,1.000000;;
  }

  Frame Bip01-Pelvis {
   

   FrameTransformMatrix {
    0.000000,1.000000,-0.000001,0.000000,-0.000001,0.000001,1.000000,0.000000,1.000000,-0.000000,0.000001,0.000000,0.000000,0.000000,0.000000,1.000000;;
   }

   Frame Bip01-Spine {
    

    FrameTransformMatrix {
     0.972814,0.231524,-0.005380,0.000000,-0.231421,0.972734,0.015239,0.000000,0.008761,-0.013580,0.999869,0.000000,5.966320,0.000008,-0.008199,1.000000;;
    }

    Frame Bip01-Spine1 {
     

     FrameTransformMatrix {
      0.925467,0.157205,0.344669,0.000000,-0.098735,0.978482,-0.181177,0.000000,-0.365734,0.133643,0.921074,0.000000,10.380680,0.000000,-0.016992,1.000000;;
     }

     Frame Bip01-Neck {
      

      FrameTransformMatrix {
       0.228185,0.375714,0.898204,0.000000,0.062990,0.914914,-0.398705,0.000000,-0.971578,0.147556,0.185104,0.000000,18.807202,0.000017,10.573142,1.000000;;
      }

      Frame Bip01-Head {
       

       FrameTransformMatrix {
        0.613693,-0.046549,-0.788172,0.000000,-0.126419,0.979588,-0.156287,0.000000,0.779358,0.195552,0.595281,0.000000,8.561566,0.000000,0.000004,1.000000;;
       }

       Frame Bip01-HeadNub {
        

        FrameTransformMatrix {
         1.000000,0.000000,-0.000000,0.000000,0.000000,1.000000,0.000000,0.000000,0.000000,0.000000,1.000000,0.000000,12.189968,0.000001,0.000008,1.000000;;
        }
       }

       Frame Bip01-Ponytail1 {
        

        FrameTransformMatrix {
         -0.078630,-0.003050,0.996900,0.000000,0.000860,0.999995,0.003127,0.000000,-0.996904,0.001103,-0.078627,0.000000,-1.150143,0.000007,4.021110,1.000000;;
        }

        Frame Bip01-Ponytail1Nub {
         

         FrameTransformMatrix {
          0.000796,0.000654,1.000000,0.000000,-0.000651,-1.000000,0.000654,0.000000,0.999999,-0.000651,-0.000796,0.000000,8.540546,0.000000,-0.000004,1.000000;;
         }
        }
       }

       Frame FxTop {
        

        FrameTransformMatrix {
         0.728820,0.114860,0.675003,0.000000,0.666206,0.108655,-0.737811,0.000000,-0.158087,0.987421,0.002670,0.000000,16.571613,-0.000027,2.099033,1.000000;;
        }
       }
      }
     }

     Frame Bip01-R-Clavicle {
      

      FrameTransformMatrix {
       -0.000383,-0.876542,-0.481326,0.000000,-1.000000,0.000000,0.000796,0.000000,-0.000698,0.481326,-0.876542,0.000000,15.270691,-6.606897,1.678333,1.000000;;
      }

      Frame Bip01-R-UpperArm {
       

       FrameTransformMatrix {
        0.841709,0.539680,-0.016489,0.000000,-0.539888,0.841636,-0.013010,0.000000,0.006857,0.019853,0.999779,0.000000,11.309902,0.000004,0.000002,1.000000;;
       }

       Frame Bip01-R-Forearm {
        

        FrameTransformMatrix {
         0.766750,-0.000000,-0.641945,0.000000,-0.000000,1.000000,-0.000000,0.000000,0.641945,0.000000,0.766751,0.000000,26.099770,0.000000,-0.000000,1.000000;;
        }

        Frame Bip01-R-Hand {
         

         FrameTransformMatrix {
          0.902770,0.429876,-0.014595,0.000000,-0.034755,0.039081,-0.998632,0.000000,-0.428717,0.902042,0.050222,0.000000,18.701622,0.000008,0.000004,1.000000;;
         }

         Frame Bip01-R-Finger0 {
          

          FrameTransformMatrix {
           0.546216,-0.360289,0.756201,0.000000,-0.837497,-0.251834,0.484952,0.000000,0.015714,-0.898205,-0.439297,0.000000,-1.033844,8.036670,4.661720,1.000000;;
          }

          Frame Bip01-R-Finger01 {
           

           FrameTransformMatrix {
            0.696744,0.000000,0.717320,0.000000,-0.000000,1.000000,0.000000,0.000000,-0.717320,-0.000000,0.696744,0.000000,5.569885,0.000000,0.000000,1.000000;;
           }

           Frame Bip01-R-Finger0Nub {
            

            FrameTransformMatrix {
             -1.000000,-0.000000,0.000691,0.000000,-0.000000,1.000000,-0.000000,0.000000,-0.000691,0.000000,-1.000000,0.000000,5.361645,0.000004,0.000008,1.000000;;
            }
           }
          }
         }

         Frame Bip01-R-Finger1 {
          

          FrameTransformMatrix {
           0.229115,-0.162737,0.959700,0.000000,-0.020962,0.984872,0.172010,0.000000,-0.973174,-0.059527,0.222238,0.000000,4.335857,5.654780,0.200424,1.000000;;
          }

          Frame Bip01-R-Finger11 {
           

           FrameTransformMatrix {
            -0.242439,-0.000000,0.970167,0.000000,-0.000000,1.000000,-0.000000,0.000000,-0.970167,-0.000000,-0.242439,0.000000,7.016670,0.000000,-0.000004,1.000000;;
           }

           Frame Bip01-R-Finger1Nub {
            

            FrameTransformMatrix {
             -1.000000,0.000000,0.000690,0.000000,0.000000,1.000000,-0.000000,0.000000,-0.000691,-0.000000,-1.000000,0.000000,6.718500,0.000000,-0.000008,1.000000;;
            }
           }
          }
         }

         Frame Bip01-R-Finger2 {
          

          FrameTransformMatrix {
           0.049596,-0.170111,0.984176,0.000000,-0.015962,0.985128,0.171080,0.000000,-0.998642,-0.024194,0.046143,0.000000,6.069153,2.037388,-2.301964,1.000000;;
          }

          Frame Bip01-R-Finger21 {
           

           FrameTransformMatrix {
            0.046592,-0.000000,0.998914,0.000000,-0.000000,1.000000,0.000000,0.000000,-0.998914,-0.000000,0.046592,0.000000,6.876022,0.000004,-0.000002,1.000000;;
           }

           Frame Bip01-R-Finger2Nub {
            

            FrameTransformMatrix {
             -1.000000,-0.000000,-0.000690,0.000000,-0.000000,1.000000,0.000000,0.000000,0.000690,0.000000,-1.000000,0.000000,7.026778,-0.000004,0.000008,1.000000;;
            }
           }
          }
         }

         Frame Bip01-R-Finger3 {
          

          FrameTransformMatrix {
           0.008058,-0.096596,0.995291,0.000000,-0.021653,0.995073,0.096750,0.000000,-0.999733,-0.022331,0.005927,0.000000,6.770886,-1.859186,-1.719536,1.000000;;
          }

          Frame Bip01-R-Finger31 {
           

           FrameTransformMatrix {
            0.179190,-0.000000,0.983814,0.000000,0.000000,1.000000,-0.000000,0.000000,-0.983814,0.000000,0.179190,0.000000,5.453598,0.000004,-0.000002,1.000000;;
           }

           Frame Bip01-R-Finger3Nub {
            

            FrameTransformMatrix {
             -1.000000,-0.000000,0.000691,0.000000,-0.000000,1.000000,-0.000000,0.000000,-0.000691,-0.000000,-1.000000,0.000000,6.555420,-0.000004,-0.000008,1.000000;;
            }
           }
          }
         }

         Frame Bip01-R-Finger4 {
          

          FrameTransformMatrix {
           -0.134486,-0.035902,0.990265,0.000000,0.122917,0.991021,0.052622,0.000000,-0.983263,0.128797,-0.128865,0.000000,5.451222,-5.615946,-0.569954,1.000000;;
          }

          Frame Bip01-R-Finger41 {
           

           FrameTransformMatrix {
            0.137736,0.000000,0.990469,0.000000,-0.000000,1.000000,0.000000,0.000000,-0.990469,-0.000000,0.137736,0.000000,5.043129,0.000004,0.000008,1.000000;;
           }

           Frame Bip01-R-Finger4Nub {
            

            FrameTransformMatrix {
             -1.000000,-0.000000,-0.000690,0.000000,-0.000000,1.000000,0.000000,0.000000,0.000690,0.000000,-1.000000,0.000000,4.660502,0.000004,0.000000,1.000000;;
            }
           }
          }
         }

         Frame FxHand01 {
          

          FrameTransformMatrix {
           -0.334311,0.914998,0.225866,0.000000,-0.606798,-0.025597,-0.794444,0.000000,-0.721133,-0.402646,0.563776,0.000000,5.256767,0.374784,3.949509,1.000000;;
          }
         }
        }

        Frame Bone07 {
         

         FrameTransformMatrix {
          0.974096,0.205512,-0.094346,0.000000,0.000118,-0.417672,-0.908598,0.000000,-0.226133,0.885051,-0.406877,0.000000,6.240955,1.085403,-0.762505,1.000000;;
         }
        }
       }

       Frame Bone02 {
        

        FrameTransformMatrix {
         0.173135,-0.958323,0.227248,0.000000,-0.039685,-0.237333,-0.970617,0.000000,0.984098,0.159029,-0.079122,0.000000,1.840864,-1.758667,1.673162,1.000000;;
        }
       }
      }
     }

     Frame Bip01-L-Clavicle {
      

      FrameTransformMatrix {
       0.265927,0.909441,-0.319688,0.000000,0.963993,-0.251137,0.087455,0.000000,-0.000751,-0.331434,-0.943478,0.000000,15.270691,6.606906,1.678297,1.000000;;
      }

      Frame Bip01-L-UpperArm {
       

       FrameTransformMatrix {
        0.680238,-0.669885,-0.297541,0.000000,0.717150,0.692175,0.081184,0.000000,0.151566,-0.268606,0.951251,0.000000,11.309902,0.000004,0.000000,1.000000;;
       }

       Frame Bip01-L-Forearm {
        

        FrameTransformMatrix {
         0.787519,-0.000000,-0.616290,0.000000,0.000000,1.000000,-0.000000,0.000000,0.616290,-0.000000,0.787519,0.000000,26.099773,-0.000004,0.000001,1.000000;;
        }

        Frame Bip01-L-Hand {
         

         FrameTransformMatrix {
          0.902770,-0.429875,-0.014596,0.000000,0.034755,0.039081,0.998632,0.000000,-0.428717,-0.902042,0.050222,0.000000,18.701630,-0.000008,-0.000005,1.000000;;
         }

         Frame Bip01-L-Finger0 {
          

          FrameTransformMatrix {
           0.546216,0.360289,0.756201,0.000000,0.837497,-0.251834,-0.484952,0.000000,0.015715,0.898205,-0.439297,0.000000,-1.033841,-8.036660,4.661720,1.000000;;
          }

          Frame Bip01-L-Finger01 {
           

           FrameTransformMatrix {
            0.696743,0.000000,0.717320,0.000000,0.000000,1.000000,-0.000000,0.000000,-0.717321,0.000000,0.696743,0.000000,5.569893,-0.000002,-0.000002,1.000000;;
           }

           Frame Bip01-L-Finger0Nub {
            

            FrameTransformMatrix {
             1.000000,0.000000,0.000000,0.000000,-0.000000,1.000000,0.000000,0.000000,0.000000,-0.000000,1.000000,0.000000,5.361646,0.000000,0.000008,1.000000;;
            }
           }
          }
         }

         Frame Bip01-L-Finger1 {
          

          FrameTransformMatrix {
           0.229116,0.162737,0.959699,0.000000,0.020962,0.984872,-0.172010,0.000000,-0.973173,0.059527,0.222239,0.000000,4.335866,-5.654774,0.200420,1.000000;;
          }

          Frame Bip01-L-Finger11 {
           

           FrameTransformMatrix {
            -0.242439,0.000000,0.970167,0.000000,-0.000000,1.000000,0.000000,0.000000,-0.970167,-0.000000,-0.242439,0.000000,7.016666,0.000002,0.000002,1.000000;;
           }

           Frame Bip01-L-Finger1Nub {
            

            FrameTransformMatrix {
             1.000000,-0.000000,0.000000,0.000000,-0.000000,1.000000,0.000000,0.000000,-0.000000,0.000000,1.000000,0.000000,6.718506,-0.000002,0.000000,1.000000;;
            }
           }
          }
         }

         Frame Bip01-L-Finger2 {
          

          FrameTransformMatrix {
           0.049596,0.170111,0.984176,0.000000,0.015962,0.985128,-0.171080,0.000000,-0.998642,0.024194,0.046143,0.000000,6.069158,-2.037395,-2.301960,1.000000;;
          }

          Frame Bip01-L-Finger21 {
           

           FrameTransformMatrix {
            0.046592,0.000000,0.998914,0.000000,0.000000,1.000000,-0.000000,0.000000,-0.998914,0.000000,0.046592,0.000000,6.876014,0.000006,0.000000,1.000000;;
           }

           Frame Bip01-L-Finger2Nub {
            

            FrameTransformMatrix {
             1.000000,-0.000000,0.000000,0.000000,-0.000000,1.000000,0.000000,0.000000,-0.000000,-0.000000,1.000000,0.000000,7.026782,0.000004,0.000008,1.000000;;
            }
           }
          }
         }

         Frame Bip01-L-Finger3 {
          

          FrameTransformMatrix {
           0.008059,0.096596,0.995291,0.000000,0.021653,0.995073,-0.096750,0.000000,-0.999733,0.022331,0.005927,0.000000,6.770877,1.859186,-1.719532,1.000000;;
          }

          Frame Bip01-L-Finger31 {
           

           FrameTransformMatrix {
            0.179191,-0.000000,0.983815,0.000000,0.000000,1.000000,-0.000000,0.000000,-0.983814,0.000000,0.179191,0.000000,5.453610,-0.000002,0.000006,1.000000;;
           }

           Frame Bip01-L-Finger3Nub {
            

            FrameTransformMatrix {
             1.000000,0.000000,-0.000000,0.000000,0.000000,1.000000,-0.000000,0.000000,-0.000000,0.000000,1.000000,0.000000,6.555416,0.000000,0.000000,1.000000;;
            }
           }
          }
         }

         Frame Bip01-L-Finger4 {
          

          FrameTransformMatrix {
           -0.134485,0.035902,0.990265,0.000000,-0.122917,0.991021,-0.052622,0.000000,-0.983263,-0.128797,-0.128865,0.000000,5.451217,5.615944,-0.569950,1.000000;;
          }

          Frame Bip01-L-Finger41 {
           

           FrameTransformMatrix {
            0.137736,-0.000000,0.990469,0.000000,-0.000000,1.000000,0.000000,0.000000,-0.990469,-0.000000,0.137736,0.000000,5.043129,0.000004,-0.000001,1.000000;;
           }

           Frame Bip01-L-Finger4Nub {
            

            FrameTransformMatrix {
             1.000000,-0.000000,-0.000000,0.000000,0.000000,1.000000,0.000000,0.000000,0.000000,-0.000000,1.000000,0.000000,4.660498,0.000004,0.000004,1.000000;;
            }
           }
          }
         }

         Frame FxHand00 {
          

          FrameTransformMatrix {
           0.508293,-0.471975,-0.720332,0.000000,-0.861011,-0.295287,-0.414084,0.000000,-0.017268,0.830689,-0.556468,0.000000,5.256798,-0.374874,3.949528,1.000000;;
          }
         }
        }

        Frame Bone06 {
         

         FrameTransformMatrix {
          0.973247,-0.204677,-0.104390,0.000000,-0.012320,0.407198,-0.913257,0.000000,0.229430,0.890111,0.393783,0.000000,5.965038,-1.365101,-0.164729,1.000000;;
         }
        }
       }

       Frame Bone01 {
        

        FrameTransformMatrix {
         -0.069001,0.965813,0.249889,0.000000,0.034917,0.252671,-0.966922,0.000000,-0.997006,-0.057993,-0.051158,0.000000,1.840633,1.758289,1.672939,1.000000;;
        }
       }
      }
     }
    }

    Frame FxCenter {
     

     FrameTransformMatrix {
      0.062930,0.678246,0.732136,0.000000,0.982997,-0.168918,0.071992,0.000000,0.172499,0.715157,-0.677344,0.000000,3.826828,0.000001,1.095700,1.000000;;
     }
    }
   }

   Frame Bip01-L-Thigh {
    

    FrameTransformMatrix {
     -0.510970,0.800043,0.314390,0.000000,-0.432528,-0.555361,0.710277,0.000000,0.742852,0.226948,0.629814,0.000000,0.000000,5.187220,0.000009,1.000000;;
    }

    Frame Bip01-L-Calf {
     

     FrameTransformMatrix {
      -0.324345,-0.000000,-0.945939,0.000000,0.000000,1.000000,-0.000000,0.000000,0.945939,-0.000000,-0.324345,0.000000,19.489101,0.000004,0.000000,1.000000;;
     }

     Frame Bip01-L-Foot {
      

      FrameTransformMatrix {
       0.600310,0.420673,0.680193,0.000000,-0.171456,0.898408,-0.404309,0.000000,-0.781173,0.126087,0.611450,0.000000,10.969205,-0.000002,0.000001,1.000000;;
      }

      Frame Bip01-L-Toe0 {
       

       FrameTransformMatrix {
        0.000000,-0.069756,0.997564,0.000000,0.000000,0.997564,0.069756,0.000000,-1.000000,0.000000,0.000000,0.000000,5.868893,0.568924,7.570785,1.000000;;
       }

       Frame Bip01-L-Toe01 {
        

        FrameTransformMatrix {
         1.000000,0.000000,-0.000000,0.000000,-0.000000,1.000000,-0.000000,0.000000,0.000000,-0.000000,1.000000,0.000000,2.906924,0.000004,0.000000,1.000000;;
        }

        Frame Bip01-L-Toe0Nub {
         

         FrameTransformMatrix {
          -1.000000,0.000000,-0.000690,0.000000,0.000000,1.000000,0.000000,0.000000,0.000690,0.000000,-1.000000,0.000000,2.906924,0.000001,0.000000,1.000000;;
         }
        }
       }
      }
     }
    }
   }

   Frame Bip01-R-Thigh {
    

    FrameTransformMatrix {
     -0.340722,-0.935407,0.094453,0.000000,0.725644,-0.325526,-0.606196,0.000000,0.597787,-0.138005,0.789687,0.000000,0.000015,-5.187220,-0.000006,1.000000;;
    }

    Frame Bip01-R-Calf {
     

     FrameTransformMatrix {
      -0.004766,0.000000,-0.999989,0.000000,-0.000000,1.000000,0.000000,0.000000,0.999989,0.000000,-0.004766,0.000000,19.489101,-0.000004,0.000000,1.000000;;
     }

     Frame Bip01-R-Foot {
      

      FrameTransformMatrix {
       0.627023,-0.667895,0.400947,0.000000,0.698104,0.710159,0.091244,0.000000,-0.345678,0.222690,0.911546,0.000000,10.969206,-0.000004,-0.000004,1.000000;;
      }

      Frame Bip01-R-Toe0 {
       

       FrameTransformMatrix {
        0.010831,-0.019267,0.999756,0.000000,-0.000000,0.999814,0.019268,0.000000,-0.999941,-0.000209,0.010829,0.000000,5.868892,-0.568926,7.570784,1.000000;;
       }

       Frame Bip01-R-Toe01 {
        

        FrameTransformMatrix {
         1.000000,-0.000000,-0.000000,0.000000,-0.000000,1.000000,0.000000,0.000000,0.000000,0.000000,1.000000,0.000000,2.906925,-0.000002,-0.000002,1.000000;;
        }

        Frame Bip01-R-Toe0Nub {
         

         FrameTransformMatrix {
          1.000000,-0.000000,-0.000000,0.000000,0.000000,1.000000,0.000000,0.000000,-0.000000,0.000000,1.000000,0.000000,2.906929,0.000004,0.000001,1.000000;;
         }
        }
       }
      }
     }
    }
   }

   Frame Bone03 {
    

    FrameTransformMatrix {
     -0.990138,-0.044214,0.132939,0.000000,0.133566,-0.011542,0.990973,0.000000,-0.042281,0.998956,0.017334,0.000000,0.840942,-0.000020,8.519026,1.000000;;
    }

    Frame Bone04 {
     

     FrameTransformMatrix {
      0.983648,-0.179547,-0.014130,0.000000,0.179565,0.983746,0.000001,0.000000,0.013900,-0.002538,0.999900,0.000000,8.477814,-0.000002,-0.000000,1.000000;;
     }

     Frame Bone05 {
      

      FrameTransformMatrix {
       0.998102,-0.061462,-0.003787,0.000000,0.061463,0.998110,0.000001,0.000000,0.003780,-0.000233,0.999993,0.000000,5.951313,0.000000,0.000000,1.000000;;
      }
     }
    }
   }
  }
 }
}

Frame ArgoniteGiant_Skel {
 

 FrameTransformMatrix {
  1.000000,0.000000,0.000000,0.000000,0.000000,1.000000,0.000000,0.000000,0.000000,0.000000,1.000000,0.000000,0.000000,0.000000,0.000000,1.000000;;
 }

 Mesh ArgoniteGiant_Skel {
  5762;
  17.964098;17.120013;31.592803;,
  19.027853;19.488624;33.819107;,
  17.668651;17.695499;31.876861;,
  26.521898;61.606451;0.802912;,
  26.859005;63.625805;1.216234;,
  25.728635;63.383546;2.274276;,
  27.111584;61.956358;0.202637;,
  26.559371;60.227059;0.461986;,
  26.456744;59.831962;0.515543;,
  26.444744;59.204813;0.137011;,
  26.617070;60.117658;0.000001;,
  27.303363;61.922438;0.000001;,
  26.859005;63.625805;1.216234;,
  27.111584;61.956358;0.202637;,
  27.739062;63.728499;0.000001;,
  28.140794;65.231232;0.000001;,
  26.827368;65.241216;1.682446;,
  25.728635;63.383546;2.274276;,
  25.193248;65.125184;3.107221;,
  26.321002;59.030054;0.227372;,
  26.194837;57.699802;0.000001;,
  26.460219;59.101850;0.000001;,
  26.444744;59.204813;0.137011;,
  25.582370;60.472128;2.409010;,
  26.202890;60.638970;1.278240;,
  26.199541;61.532314;1.995353;,
  25.152627;59.416570;2.424025;,
  26.285877;60.186170;1.065813;,
  25.480352;59.957990;1.145716;,
  25.934360;59.600032;0.588476;,
  25.999445;58.976230;0.359023;,
  26.257586;59.695962;0.616428;,
  26.456744;59.831962;0.515543;,
  26.522568;60.345965;0.898701;,
  27.111584;61.956358;0.202637;,
  26.522568;60.345965;0.898701;,
  26.559371;60.227059;0.461986;,
  24.922838;62.649747;3.456997;,
  25.027813;64.145709;3.310664;,
  24.200698;63.988179;4.119880;,
  24.461922;61.890874;3.602926;,
  23.831214;60.576762;3.884529;,
  23.598008;58.402496;3.290823;,
  24.388723;57.969344;2.742229;,
  23.982376;57.199936;2.677340;,
  23.205539;55.777773;3.103065;,
  24.165709;57.901562;2.370869;,
  24.320219;58.548032;2.314025;,
  24.465410;59.490771;2.061245;,
  24.837237;58.082957;1.860484;,
  24.631715;58.299072;1.633243;,
  25.196938;57.794918;1.349294;,
  25.075338;58.222182;1.635724;,
  24.821752;58.919923;1.826498;,
  25.515408;59.014374;1.275357;,
  25.685333;57.653075;0.667909;,
  25.989861;57.680090;0.467951;,
  25.923098;57.094630;0.371692;,
  24.821752;58.919923;1.826498;,
  25.075338;58.222182;1.635724;,
  25.515408;59.014374;1.275357;,
  25.530357;57.650797;0.849634;,
  25.530691;57.607424;0.522046;,
  25.261754;57.602061;0.685538;,
  25.370618;57.276218;0.938451;,
  25.198544;57.279706;0.835154;,
  25.043498;57.387155;1.064674;,
  25.204107;57.371942;1.178630;,
  24.892538;57.823469;1.154162;,
  25.788834;57.327565;0.560991;,
  25.657717;57.246394;0.464464;,
  25.767915;57.037850;0.314715;,
  25.794798;57.349152;0.084993;,
  25.985638;57.404723;0.156518;,
  25.751888;57.662592;0.000001;,
  25.890978;57.674989;0.000001;,
  25.982624;57.649190;0.152965;,
  26.178622;57.695981;0.094579;,
  16.771288;56.542349;2.395267;,
  15.201389;57.364640;4.640252;,
  15.575630;56.060858;2.353642;,
  16.569722;57.742835;4.486750;,
  14.708701;59.511686;5.782084;,
  16.656595;60.630259;5.395843;,
  16.680725;59.332646;5.011680;,
  17.465408;57.781510;3.895789;,
  16.403349;56.829178;4.927822;,
  16.621067;55.504883;2.579607;,
  19.128418;54.777920;3.189268;,
  18.646120;59.108282;5.050760;,
  17.688558;58.019808;5.164582;,
  19.669102;60.513491;5.786978;,
  19.258930;60.639974;5.509395;,
  19.359011;58.941043;5.823980;,
  18.311157;57.848013;5.723363;,
  19.630493;57.159789;4.904964;,
  19.914506;58.880173;5.458049;,
  20.239278;60.631661;5.986466;,
  19.668501;62.016358;5.958446;,
  16.930822;62.299968;6.559728;,
  20.857051;58.441446;4.141867;,
  17.121734;64.130758;7.396091;,
  17.517894;62.972237;7.269265;,
  13.041005;59.797664;6.466054;,
  15.201389;57.364640;4.640252;,
  14.708701;59.511686;5.782084;,
  14.521077;61.232813;5.522199;,
  14.209173;61.436864;6.440208;,
  14.348400;62.483770;6.814048;,
  15.996458;66.138112;6.826918;,
  18.813566;67.590240;6.687358;,
  15.371315;70.631373;3.697844;,
  13.850616;65.333120;6.856480;,
  13.727010;68.385920;5.067920;,
  13.298198;69.751296;3.919519;,
  17.781390;72.583213;0.000001;,
  14.725181;71.820186;0.000001;,
  12.254305;70.422835;2.339966;,
  13.843376;68.748826;2.604342;,
  14.226734;67.158150;4.490569;,
  14.291958;65.183366;5.643327;,
  14.726662;62.476333;5.695076;,
  13.491390;64.832397;5.545996;,
  12.868793;67.241331;4.392031;,
  12.414850;68.650291;2.530473;,
  12.530994;61.744570;6.818661;,
  11.473845;64.907571;6.232189;,
  11.010067;67.393766;4.630989;,
  10.783910;68.625888;2.474525;,
  11.551931;69.317395;0.000001;,
  11.957612;69.504282;0.000001;,
  10.721598;70.601395;0.000000;,
  10.652363;69.332230;0.000000;,
  26.410022;69.828653;1.585986;,
  27.277552;70.542150;0.602821;,
  25.824290;71.126342;1.447697;,
  26.802430;67.949805;1.707515;,
  28.306832;68.096934;0.000001;,
  27.508547;71.167494;0.000001;,
  26.246459;73.858778;0.000001;,
  25.801566;73.911475;0.000001;,
  25.426589;71.144365;1.467875;,
  25.863842;69.854797;1.593896;,
  25.995960;68.766534;2.300620;,
  25.560184;69.003686;2.174934;,
  25.025669;68.252723;3.156490;,
  24.673883;68.440275;2.911754;,
  24.014747;68.588416;4.119745;,
  23.783085;68.724230;3.600713;,
  22.687912;71.224608;5.093594;,
  22.504640;71.365779;4.550632;,
  19.771997;72.914490;6.701166;,
  19.290371;73.235987;6.308221;,
  23.012880;66.230483;4.845238;,
  21.579726;68.678381;5.862924;,
  20.090939;69.495104;6.614761;,
  19.610918;69.180186;6.335236;,
  21.259717;68.269280;5.493374;,
  22.647622;65.963091;4.733362;,
  24.487398;64.462432;3.082888;,
  23.725438;64.490522;3.873200;,
  21.844037;65.261670;5.671278;,
  21.923336;64.964045;6.216588;,
  21.384933;66.499085;5.690786;,
  21.448344;66.218355;6.355078;,
  18.813566;67.590240;6.687358;,
  18.913110;67.320307;7.348969;,
  15.311520;65.126458;8.794054;,
  18.415259;68.440077;8.009371;,
  14.065858;70.442950;9.445475;,
  17.440674;64.201011;7.833412;,
  17.853862;63.340979;7.604765;,
  18.331536;68.734618;7.411710;,
  13.949890;70.737344;8.727690;,
  15.203533;64.965651;8.290036;,
  17.121734;64.130758;7.396091;,
  17.517894;62.972237;7.269265;,
  20.005136;62.208531;6.476540;,
  20.571894;60.736979;6.111751;,
  22.365349;60.082938;4.533605;,
  22.612093;59.005587;4.154468;,
  23.240728;58.212864;3.267629;,
  22.200714;58.933197;4.072824;,
  21.235182;58.513440;4.422465;,
  20.231302;58.953434;5.572875;,
  20.239278;60.631661;5.986466;,
  19.668501;62.016358;5.958446;,
  19.668501;62.016358;5.958446;,
  20.571894;60.736979;6.111751;,
  20.005136;62.208531;6.476540;,
  17.316195;54.064691;6.830136;,
  19.487245;54.982310;6.279734;,
  19.252698;54.933901;5.999068;,
  19.915246;57.245722;5.173766;,
  19.630493;57.159789;4.904964;,
  20.857051;58.441446;4.141867;,
  19.914506;58.880173;5.458049;,
  23.205539;55.777773;3.103065;,
  21.580666;54.632461;3.999892;,
  20.826554;52.470528;5.214924;,
  17.643043;54.131930;7.087273;,
  17.254725;50.303834;6.650826;,
  17.600813;50.453715;6.927602;,
  20.632694;52.396858;4.762117;,
  21.197981;54.266931;3.710513;,
  27.772922;50.345130;0.000001;,
  26.644301;50.479530;0.520102;,
  27.043338;50.021629;0.000001;,
  25.115829;51.751536;0.916466;,
  25.007360;51.488166;0.000001;,
  22.856166;52.735238;0.000001;,
  23.028838;52.993712;1.793519;,
  19.948291;54.578765;0.000001;,
  20.920733;54.541568;2.698053;,
  23.309437;53.483990;2.700401;,
  25.394952;54.808826;1.048520;,
  24.224498;54.860704;2.334671;,
  25.595781;53.654992;1.145114;,
  25.264573;52.214669;1.443340;,
  26.985766;50.899958;0.788030;,
  26.266693;54.980819;0.000001;,
  25.914320;55.427328;0.300772;,
  26.045904;55.130976;0.331606;,
  26.083712;54.369088;0.386909;,
  26.258466;54.134810;0.482899;,
  26.443006;53.088432;0.417408;,
  26.867053;52.777264;0.000001;,
  26.582691;53.120403;0.000001;,
  26.731771;53.750381;0.000001;,
  26.494342;54.050144;0.000001;,
  25.379869;55.861568;0.609524;,
  25.635998;55.674682;0.762693;,
  25.394414;55.843130;0.585056;,
  25.428736;55.872698;0.568700;,
  25.540346;56.043763;0.501802;,
  25.746336;55.908282;0.607245;,
  25.936038;55.766650;0.302716;,
  25.822144;55.860294;0.042075;,
  25.700542;55.619981;0.000001;,
  25.870214;55.433024;0.000001;,
  25.669450;55.584390;0.882748;,
  25.460107;55.747680;1.295400;,
  24.615901;55.551808;1.791106;,
  25.044306;56.099936;1.826631;,
  24.767797;56.578342;1.904658;,
  24.721142;56.476320;2.127005;,
  25.201363;55.990406;1.375905;,
  25.264707;56.179296;1.198671;,
  25.498786;55.969485;1.224078;,
  25.612806;55.921491;0.842663;,
  25.457763;56.078618;0.595983;,
  25.144518;56.107642;1.250824;,
  25.064816;56.359219;1.013997;,
  25.008914;56.273747;1.022711;,
  25.196469;56.269126;1.387704;,
  25.070850;56.334150;1.782257;,
  24.938126;56.461978;1.024120;,
  24.033123;57.334534;2.469405;,
  24.374718;56.720858;2.604276;,
  24.457504;56.892595;2.605616;,
  24.784955;56.712608;2.227285;,
  24.657058;56.614406;2.010033;,
  24.593042;56.705370;1.763420;,
  24.683338;56.879987;1.811349;,
  23.755270;56.323827;2.549241;,
  24.186355;55.923309;2.130088;,
  14.726662;62.476333;5.695076;,
  13.491390;64.832397;5.545996;,
  14.521077;61.232813;5.522199;,
  14.348400;62.483770;6.814048;,
  14.209173;61.436864;6.440208;,
  22.917299;55.131853;1.032431;,
  24.959104;54.921235;0.000001;,
  22.920042;54.554899;0.000001;,
  23.790992;57.860608;2.299143;,
  24.033123;57.334534;2.469405;,
  23.678717;57.302022;2.318717;,
  23.767134;57.339494;2.216157;,
  23.661558;56.428525;2.270723;,
  23.966890;55.916467;1.702823;,
  22.917299;56.072109;2.367517;,
  20.376696;56.527533;1.474175;,
  20.343774;56.082970;0.000001;,
  20.827626;59.117536;1.432280;,
  23.821568;57.230771;1.685059;,
  24.390134;56.810810;1.391189;,
  24.563885;56.465600;0.975185;,
  24.399922;57.064928;1.521835;,
  23.931968;57.437766;1.728563;,
  23.887592;57.491731;2.210928;,
  24.683338;56.879987;1.811349;,
  24.593042;56.705370;1.763420;,
  24.505766;56.802298;1.426784;,
  24.585938;56.705037;1.091085;,
  24.938126;56.461978;1.024120;,
  24.881352;56.375302;0.844674;,
  25.008914;56.273747;1.022711;,
  25.020507;56.387507;0.724954;,
  25.064816;56.359219;1.013997;,
  25.330534;55.743456;0.133391;,
  24.913862;55.036531;0.402863;,
  25.066358;55.950586;0.437585;,
  24.791461;56.247002;0.739834;,
  25.220805;56.194317;0.484709;,
  25.379869;55.861568;0.609524;,
  25.457763;56.078618;0.595983;,
  25.227640;56.020032;0.430748;,
  25.230122;55.952589;0.422971;,
  25.183669;55.849165;0.355069;,
  25.394414;55.843130;0.585056;,
  25.440402;56.099334;0.324434;,
  25.428736;55.872698;0.568700;,
  25.540346;56.043763;0.501802;,
  25.322760;55.963590;0.345616;,
  25.405410;55.867936;0.131113;,
  25.822144;55.860294;0.042075;,
  25.700542;55.619981;0.000001;,
  25.410976;55.675955;0.000001;,
  25.510717;56.028941;0.118912;,
  25.394414;55.843130;0.585056;,
  25.227640;56.020032;0.430748;,
  25.379869;55.861568;0.609524;,
  25.428736;55.872698;0.568700;,
  25.230122;55.952589;0.422971;,
  3.757923;26.618883;-16.384931;,
  5.464980;26.415523;-17.108157;,
  4.174806;26.215896;-17.325171;,
  4.462850;26.046998;-18.853387;,
  5.559873;26.197880;-18.691355;,
  6.514149;25.157758;-18.542560;,
  6.602686;25.184026;-17.720398;,
  6.587132;23.134117;-17.919606;,
  6.216896;23.687462;-18.719765;,
  7.290814;26.660341;-16.057334;,
  8.018763;24.335480;-15.799219;,
  9.686116;21.652094;-15.568064;,
  9.634030;19.047325;-17.285984;,
  12.879457;16.569534;-15.696570;,
  12.954255;14.697144;-17.322059;,
  15.911150;11.902874;-16.877523;,
  5.349730;27.148883;-14.665986;,
  7.370984;24.384107;-14.405589;,
  15.156582;11.893454;-17.883814;,
  16.702224;9.893485;-18.065854;,
  15.286438;11.413644;-15.849142;,
  13.142234;13.984710;-14.259381;,
  10.280991;17.542960;-12.975494;,
  6.227965;22.748389;-12.242007;,
  3.316267;26.665370;-12.881320;,
  1.777672;28.845811;-13.946606;,
  2.685695;29.284448;-14.983658;,
  0.776738;30.422666;-15.680794;,
  2.174835;28.662048;-16.163923;,
  2.773855;23.213875;-16.583306;,
  3.622421;25.012995;-17.319483;,
  4.520807;23.751331;-17.917133;,
  4.771332;21.862726;-16.178254;,
  6.587132;23.134117;-17.919606;,
  6.880454;19.513405;-15.893358;,
  9.634030;19.047325;-17.285984;,
  10.946643;15.096194;-15.920667;,
  12.954255;14.697144;-17.322059;,
  4.687986;22.338920;-14.716669;,
  2.596386;25.050070;-14.985216;,
  4.659454;23.908454;-18.704160;,
  6.216896;23.687462;-18.719765;,
  4.016123;25.026022;-18.864840;,
  4.462850;26.046998;-18.853387;,
  4.174806;26.215896;-17.325171;,
  3.757923;26.618883;-16.384931;,
  3.316267;26.665370;-12.881320;,
  6.227965;22.748389;-12.242007;,
  1.777672;28.845811;-13.946606;,
  1.278189;28.211530;-15.146848;,
  0.776738;30.422666;-15.680794;,
  2.174835;28.662048;-16.163923;,
  14.809350;11.062982;-17.005262;,
  15.156582;11.893454;-17.883814;,
  16.702224;9.893485;-18.065854;,
  15.286438;11.413644;-15.849142;,
  13.142234;13.984710;-14.259381;,
  10.280991;17.542960;-12.975494;,
  24.837237;58.082957;1.860484;,
  24.132126;58.567936;1.982080;,
  24.631715;58.299072;1.633243;,
  24.320219;58.548032;2.314025;,
  24.165709;57.901562;2.370869;,
  24.132126;58.567936;1.982080;,
  25.198544;57.279706;0.835154;,
  25.072523;57.640742;0.918140;,
  25.261754;57.602061;0.685538;,
  25.043498;57.387155;1.064674;,
  24.892538;57.823469;1.154162;,
  25.182661;58.735654;0.725087;,
  23.530576;59.078656;1.604286;,
  23.790992;57.860608;2.299143;,
  20.827626;59.117536;1.432280;,
  20.888147;59.191334;0.000001;,
  23.193059;59.331091;0.000001;,
  25.519818;58.568941;0.000001;,
  25.697938;57.666950;0.277244;,
  25.751888;57.662592;0.000001;,
  25.767915;57.037850;0.314715;,
  25.794798;57.349152;0.084993;,
  25.530691;57.607424;0.522046;,
  25.657717;57.246394;0.464464;,
  5.464975;26.415523;17.108152;,
  6.602682;25.184026;17.720394;,
  7.290809;26.660341;16.057330;,
  8.018756;24.335478;15.799216;,
  6.587127;23.134117;17.919603;,
  9.686108;21.652091;15.568061;,
  9.634022;19.047323;17.285981;,
  12.879447;16.569533;15.696568;,
  12.954246;14.697141;17.322056;,
  7.370979;24.384107;14.405584;,
  5.349727;27.148883;14.665982;,
  15.911141;11.902871;16.877518;,
  15.156573;11.893450;17.883808;,
  16.702214;9.893482;18.065850;,
  15.286429;11.413641;15.849141;,
  13.142222;13.984707;14.259378;,
  10.280984;17.542957;12.975490;,
  6.227958;22.748389;12.242004;,
  3.316262;26.665370;12.881317;,
  1.777668;28.845814;13.946605;,
  2.685691;29.284448;14.983654;,
  0.776735;30.422666;15.680790;,
  2.174832;28.662048;16.163922;,
  3.757918;26.618883;16.384930;,
  6.514145;25.157758;18.542557;,
  6.216891;23.687462;18.719762;,
  5.559869;26.197880;18.691350;,
  4.462846;26.046997;18.853386;,
  4.174801;26.215896;17.325168;,
  21.197981;54.266931;3.710513;,
  19.252698;54.933901;5.999068;,
  19.630493;57.159789;4.904964;,
  20.632694;52.396858;4.762117;,
  17.316195;54.064691;6.830136;,
  17.254725;50.303834;6.650826;,
  2.596381;25.050070;14.985214;,
  4.771328;21.862726;16.178251;,
  2.773850;23.213875;16.583304;,
  4.687982;22.338920;14.716666;,
  6.880448;19.513405;15.893357;,
  4.520802;23.751331;17.917130;,
  6.587127;23.134117;17.919603;,
  9.634022;19.047323;17.285981;,
  10.946634;15.096192;15.920664;,
  12.954246;14.697141;17.322056;,
  14.809341;11.062980;17.005256;,
  15.156573;11.893450;17.883808;,
  16.702214;9.893482;18.065850;,
  15.286429;11.413641;15.849141;,
  13.142222;13.984707;14.259378;,
  10.280984;17.542957;12.975490;,
  6.227958;22.748389;12.242004;,
  3.316262;26.665370;12.881317;,
  1.777668;28.845814;13.946605;,
  1.278186;28.211530;15.146848;,
  0.776735;30.422666;15.680790;,
  2.174832;28.662048;16.163922;,
  3.757918;26.618883;16.384930;,
  3.622417;25.012994;17.319482;,
  4.174801;26.215896;17.325168;,
  4.462846;26.046997;18.853386;,
  4.016119;25.026021;18.864835;,
  4.659450;23.908453;18.704157;,
  6.216891;23.687462;18.719762;,
  -13.597442;53.227197;28.966566;,
  -8.531572;55.296922;30.032902;,
  -13.665709;59.880602;24.541032;,
  -7.831614;53.846899;33.725936;,
  -2.699284;55.838989;32.118301;,
  -2.699283;53.992422;36.250662;,
  -7.951095;52.105773;33.684157;,
  -13.364366;51.409328;28.909421;,
  -16.989453;51.710563;22.522610;,
  -15.625998;60.831155;18.448894;,
  -11.518066;66.315386;23.330694;,
  -12.830195;67.643859;18.941019;,
  -10.780189;70.427430;19.540043;,
  -2.699281;52.289075;36.150576;,
  -18.251965;49.437440;19.145645;,
  -19.467389;51.341363;16.365429;,
  -20.250688;52.367920;11.942502;,
  -20.760384;53.699251;13.061183;,
  -19.056237;49.977555;15.263435;,
  -17.601312;47.663888;18.800755;,
  -16.197405;49.933770;22.654149;,
  -12.271954;51.491091;28.122730;,
  -7.372495;51.852464;32.254528;,
  -2.699281;52.112944;34.467597;,
  -2.699281;50.014202;31.973718;,
  -7.379138;49.384986;30.940166;,
  -2.699281;50.009981;31.225590;,
  -6.263399;49.254182;30.212832;,
  -6.662421;51.711043;27.503770;,
  -9.122874;47.573235;27.489629;,
  -9.455161;51.740253;23.946053;,
  -10.913690;49.393773;23.896736;,
  -2.699281;52.204794;29.365152;,
  -10.645574;47.622739;28.093046;,
  -11.821670;49.190902;23.947848;,
  -12.648368;49.002982;20.955768;,
  -11.778710;49.260307;20.857621;,
  -11.949976;52.401286;19.232870;,
  -10.904124;49.650490;16.956453;,
  -12.153573;48.969085;17.020101;,
  -15.241494;50.614064;14.367109;,
  -17.753011;52.982150;11.102190;,
  -15.958373;55.353242;12.875069;,
  -15.918304;60.521958;9.596971;,
  -12.772441;63.909510;11.270915;,
  -18.385285;54.749920;8.813246;,
  -19.827078;58.838950;9.255612;,
  -18.955867;62.006048;9.468841;,
  -18.145306;65.099066;9.064991;,
  -11.545398;68.102637;7.060735;,
  -6.129850;73.269267;3.956607;,
  -6.176044;72.949702;7.267012;,
  -16.546853;68.313133;7.633778;,
  -14.488146;71.919386;5.211249;,
  -18.521074;65.650426;10.697185;,
  -19.539994;62.148147;11.169025;,
  -20.408790;59.002202;10.954466;,
  -21.585826;55.541990;10.599863;,
  -21.129322;54.821344;8.909386;,
  -17.221496;62.434234;14.539643;,
  -18.831270;57.063712;14.350699;,
  -13.915304;69.531846;14.208509;,
  -16.948653;68.972755;9.144740;,
  -14.099902;71.125811;9.047781;,
  -14.715763;72.475846;6.767097;,
  -9.655208;74.217760;8.704046;,
  -10.615582;76.139987;5.203040;,
  -6.154133;78.145811;4.576840;,
  -9.982580;72.810989;14.027816;,
  -6.158626;75.888141;8.200314;,
  -11.318075;76.657862;5.023561;,
  -6.466231;74.280570;13.900896;,
  -2.699287;74.358259;15.771253;,
  -2.699286;75.427014;11.827938;,
  -2.699286;76.724294;7.990953;,
  -2.699286;78.567469;4.495175;,
  -6.474903;78.875923;4.426775;,
  -11.230446;76.148902;3.442286;,
  -6.433702;78.880410;2.767649;,
  -2.699286;73.656838;6.816875;,
  -2.699286;74.215898;3.436859;,
  -2.699286;79.912986;2.640223;,
  -2.699286;79.934829;4.320453;,
  -2.699281;52.204794;29.365152;,
  -6.662421;51.711043;27.503770;,
  -2.699284;55.097453;27.425149;,
  -15.958373;55.353242;12.875069;,
  -9.390807;66.119501;15.739968;,
