xof 0303txt 0032
template ColorRGBA {
 <35ff44e0-6c7c-11cf-8f52-0040333594a3>
 FLOAT red;
 FLOAT green;
 FLOAT blue;
 FLOAT alpha;
}

template ColorRGB {
 <d3e16e81-7835-11cf-8f52-0040333594a3>
 FLOAT red;
 FLOAT green;
 FLOAT blue;
}

template Material {
 <3d82ab4d-62da-11cf-ab39-0020af71e433>
 ColorRGBA faceColor;
 FLOAT power;
 ColorRGB specularColor;
 ColorRGB emissiveColor;
 [...]
}

template Frame {
 <3d82ab46-62da-11cf-ab39-0020af71e433>
 [...]
}

template Matrix4x4 {
 <f6f23f45-7686-11cf-8f52-0040333594a3>
 array FLOAT matrix[16];
}

template FrameTransformMatrix {
 <f6f23f41-7686-11cf-8f52-0040333594a3>
 Matrix4x4 frameMatrix;
}

template Vector {
 <3d82ab5e-62da-11cf-ab39-0020af71e433>
 FLOAT x;
 FLOAT y;
 FLOAT z;
}

template MeshFace {
 <3d82ab5f-62da-11cf-ab39-0020af71e433>
 DWORD nFaceVertexIndices;
 array DWORD faceVertexIndices[nFaceVertexIndices];
}

template Mesh {
 <3d82ab44-62da-11cf-ab39-0020af71e433>
 DWORD nVertices;
 array Vector vertices[nVertices];
 DWORD nFaces;
 array MeshFace faces[nFaces];
 [...]
}

template MeshNormals {
 <f6f23f43-7686-11cf-8f52-0040333594a3>
 DWORD nNormals;
 array Vector normals[nNormals];
 DWORD nFaceNormals;
 array MeshFace faceNormals[nFaceNormals];
}

template MeshMaterialList {
 <f6f23f42-7686-11cf-8f52-0040333594a3>
 DWORD nMaterials;
 DWORD nFaceIndexes;
 array DWORD faceIndexes[nFaceIndexes];
 [Material <3d82ab4d-62da-11cf-ab39-0020af71e433>]
}

template Coords2d {
 <f6f23f44-7686-11cf-8f52-0040333594a3>
 FLOAT u;
 FLOAT v;
}

template MeshTextureCoords {
 <f6f23f40-7686-11cf-8f52-0040333594a3>
 DWORD nTextureCoords;
 array Coords2d textureCoords[nTextureCoords];
}

template XSkinMeshHeader {
 <3cf169ce-ff7c-44ab-93c0-f78f62d172e2>
 WORD nMaxSkinWeightsPerVertex;
 WORD nMaxSkinWeightsPerFace;
 WORD nBones;
}

template SkinWeights {
 <6f0d123b-bad2-4167-a0d0-80224f25fabb>
 STRING transformNodeName;
 DWORD nWeights;
 array DWORD vertexIndices[nWeights];
 array FLOAT weights[nWeights];
 Matrix4x4 matrixOffset;
}

template AnimTicksPerSecond {
 <9e415a43-7ba6-4a73-8743-b73d47e88476>
 DWORD AnimTicksPerSecond;
}

template Animation {
 <3d82ab4f-62da-11cf-ab39-0020af71e433>
 [...]
}

template AnimationSet {
 <3d82ab50-62da-11cf-ab39-0020af71e433>
 [Animation <3d82ab4f-62da-11cf-ab39-0020af71e433>]
}

template FloatKeys {
 <10dd46a9-775b-11cf-8f52-0040333594a3>
 DWORD nValues;
 array FLOAT values[nValues];
}

template TimedFloatKeys {
 <f406b180-7b3b-11cf-8f52-0040333594a3>
 DWORD time;
 FloatKeys tfkeys;
}

template AnimationKey {
 <10dd46a8-775b-11cf-8f52-0040333594a3>
 DWORD keyType;
 DWORD nKeys;
 array TimedFloatKeys keys[nKeys];
}


Material _01_-_Default {
 0.588235;0.588235;0.588235;1.000000;;
 9.999999;
 0.000000;0.000000;0.000000;;
 0.000000;0.000000;0.000000;;


    TextureFilename {
     "Diffuse.tga";
    }

}

Frame Root {
 

 FrameTransformMatrix {
  1.000000,0.000000,0.000000,0.000000,0.000000,1.000000,0.000000,0.000000,0.000000,0.000000,1.000000,0.000000,0.000000,0.000000,0.000000,1.000000;;
 }

 Frame Bip01 {
  

  FrameTransformMatrix {
   0.875082,-0.482732,0.034662,0.000000,0.483758,0.874588,-0.032770,0.000000,-0.014496,0.045444,0.998862,0.000000,-64.281274,138.735334,-1.078581,1.000000;;
  }

  Frame Bip01Pelvis {
   

   FrameTransformMatrix {
    0.000000,1.000000,-0.000001,0.000000,-0.000001,0.000001,1.000000,0.000000,1.000000,-0.000000,0.000001,0.000000,0.000000,0.000000,0.000000,1.000000;;
   }

   Frame Bip01Spine {
    

    FrameTransformMatrix {
     0.991452,0.005661,0.130353,0.000000,-0.021728,0.992271,0.122171,0.000000,-0.128654,-0.123959,0.983912,0.000000,34.042832,0.000022,9.201302,1.000000;;
    }

    Frame Bip01Spine1 {
     

     FrameTransformMatrix {
      0.962556,0.050828,0.266274,0.000000,-0.044251,0.998551,-0.030645,0.000000,-0.267446,0.017715,0.963410,0.000000,13.737755,0.000000,-0.023941,1.000000;;
     }

     Frame Bip01Spine2 {
      

      FrameTransformMatrix {
       0.842707,-0.016899,0.538107,0.000000,-0.013041,0.998573,0.051782,0.000000,-0.538215,-0.050655,0.841284,0.000000,30.120218,0.000000,-0.039978,1.000000;;
      }

      Frame Bip01Neck {
       

       FrameTransformMatrix {
        0.997694,0.000000,0.067874,0.000000,-0.000000,1.000000,-0.000000,0.000000,-0.067874,0.000000,0.997694,0.000000,36.783629,-0.000034,-23.747117,1.000000;;
       }

       Frame Bip01Neck1 {
        

        FrameTransformMatrix {
         0.853623,0.026170,0.520234,0.000000,-0.022358,0.999658,-0.013601,0.000000,-0.520412,-0.000021,0.853916,0.000000,29.464726,-0.000002,-0.014984,1.000000;;
        }

        Frame Bip01Head {
         

         FrameTransformMatrix {
          0.917467,0.074443,0.390786,0.000000,-0.062996,0.997128,-0.042051,0.000000,-0.392794,0.013963,0.919521,0.000000,24.826030,0.000000,-0.000015,1.000000;;
         }

         Frame Bone_Right_Eye_Down {
          

          FrameTransformMatrix {
           0.323815,-0.875457,0.358775,0.000000,-0.054631,0.361273,0.930859,0.000000,-0.944542,-0.321026,0.069159,0.000000,19.089157,-5.867508,-5.567428,1.000000;;
          }
         }

         Frame Bone_Right_Eye_Up {
          

          FrameTransformMatrix {
           -0.938474,-0.131898,-0.319170,0.000000,0.126408,-0.991252,0.037952,0.000000,-0.321384,-0.004729,0.946937,0.000000,21.930970,-6.258026,-5.857269,1.000000;;
          }
         }

         Frame Bone_Left_Eye_Up {
          

          FrameTransformMatrix {
           -0.938864,0.131989,-0.317983,0.000000,-0.123481,-0.991240,-0.046859,0.000000,-0.321382,-0.004729,0.946938,0.000000,21.930954,6.257950,-5.857300,1.000000;;
          }
         }

         Frame Bone_Left_Eye_Down {
          

          FrameTransformMatrix {
           0.324477,0.875463,0.358162,0.000000,-0.053853,-0.360937,0.931034,0.000000,0.944359,-0.321387,-0.069969,0.000000,19.089173,5.867447,-5.567444,1.000000;;
          }
         }

         Frame Bone_Right_Nose {
          

          FrameTransformMatrix {
           -0.949886,-0.302783,-0.077713,0.000000,0.225019,-0.489731,-0.842336,0.000000,0.216987,-0.817610,0.533321,0.000000,33.198221,-3.005067,-5.296906,1.000000;;
          }
         }

         Frame Bone_Left_Nose {
          

          FrameTransformMatrix {
           -0.949373,0.304138,-0.078686,0.000000,-0.226595,-0.489460,0.842071,0.000000,0.217593,0.817269,0.533596,0.000000,33.198227,3.004943,-5.296936,1.000000;;
          }
         }

         Frame Bone_Chin_01 {
          

          FrameTransformMatrix {
           0.458081,0.000359,0.888910,0.000000,-0.000360,-1.000000,0.000589,0.000000,0.888910,-0.000590,-0.458081,0.000000,5.514168,-0.000047,-1.091858,1.000000;;
          }

          Frame Bone_Chin_02 {
           

           FrameTransformMatrix {
            0.479945,0.000000,0.877299,0.000000,0.000000,1.000000,-0.000000,0.000000,-0.877299,0.000000,0.479945,0.000000,10.224975,0.000002,0.000015,1.000000;;
           }

           Frame Bone_tongue_01 {
            

            FrameTransformMatrix {
             0.993813,-0.000000,-0.111066,0.000000,0.000000,1.000000,-0.000000,0.000000,0.111066,0.000000,0.993813,0.000000,2.921585,-0.000014,3.334381,1.000000;;
            }

            Frame Bone_tongue_02 {
             

             FrameTransformMatrix {
              0.999874,-0.000000,0.015873,0.000000,0.000000,1.000000,0.000000,0.000000,-0.015873,-0.000000,0.999874,0.000000,11.393700,-0.000001,0.000031,1.000000;;
             }
            }
           }
          }
         }
        }

        Frame Bone_Left_Fur {
         

         FrameTransformMatrix {
          -0.555492,0.574943,0.600724,0.000000,0.391240,0.818193,-0.421297,0.000000,-0.733730,0.001000,-0.679441,0.000000,7.624515,14.740018,4.152298,1.000000;;
         }
        }

        Frame Bone_Right_Fur {
         

         FrameTransformMatrix {
          -0.556412,-0.574628,0.600174,0.000000,0.391018,-0.818415,-0.421073,0.000000,0.733152,0.000389,0.680066,0.000000,7.624508,-14.740059,4.152359,1.000000;;
         }
        }
       }

       Frame Bip01LClavicle {
        

        FrameTransformMatrix {
         -0.307531,0.924144,0.226676,0.000000,0.949174,0.314719,0.004652,0.000000,-0.067040,0.216585,-0.973959,0.000000,-10.024981,7.608519,8.872269,1.000000;;
        }

        Frame Bip01LUpperArm {
         

         FrameTransformMatrix {
          0.688718,-0.564375,-0.455136,0.000000,0.702340,0.363518,0.612024,0.000000,-0.179961,-0.741172,0.646744,0.000000,29.628493,-0.000002,0.000015,1.000000;;
         }

         Frame Bip01LForeArm {
          

          FrameTransformMatrix {
           0.422545,-0.000000,-0.906342,0.000000,0.000000,1.000000,-0.000000,0.000000,0.906342,0.000000,0.422546,0.000000,65.345894,-0.000008,0.000000,1.000000;;
          }

          Frame Bip01LHand {
           

           FrameTransformMatrix {
            0.837352,-0.419752,0.350215,0.000000,0.134350,0.779006,0.612454,0.000000,-0.529898,-0.465788,0.708696,0.000000,86.177325,-0.000015,-0.000010,1.000000;;
           }

           Frame Bip01LFinger0 {
            

            FrameTransformMatrix {
             0.788641,-0.489566,0.371982,0.000000,0.450767,0.048910,-0.891301,0.000000,0.418157,0.870594,0.259253,0.000000,5.997719,-8.066609,-2.546242,1.000000;;
            }

            Frame Bip01LFinger01 {
             

             FrameTransformMatrix {
              0.979076,0.000000,0.203495,0.000000,-0.000000,1.000000,0.000000,0.000000,-0.203495,0.000000,0.979076,0.000000,14.201256,0.000002,0.000008,1.000000;;
             }

             Frame Bip01LFinger02 {
              

              FrameTransformMatrix {
               0.793434,-0.000000,0.608656,0.000000,0.000000,1.000000,-0.000000,0.000000,-0.608656,0.000000,0.793434,0.000000,8.324318,0.000002,-0.000004,1.000000;;
              }
             }
            }
           }

           Frame Bip01LFinger1 {
            

            FrameTransformMatrix {
             0.935641,-0.287248,-0.205097,0.000000,0.250560,0.949823,-0.187234,0.000000,0.248588,0.123794,0.960666,0.000000,18.639000,-7.213695,-1.752310,1.000000;;
            }

            Frame Bip01LFinger11 {
             

             FrameTransformMatrix {
              0.979273,-0.000000,0.202544,0.000000,0.000000,1.000000,-0.000000,0.000000,-0.202544,0.000000,0.979273,0.000000,12.000229,-0.000015,0.000008,1.000000;;
             }

             Frame Bip01LFinger12 {
              

              FrameTransformMatrix {
               0.995644,-0.000000,0.093237,0.000000,0.000000,1.000000,0.000000,0.000000,-0.093237,-0.000000,0.995644,0.000000,6.331642,0.000000,-0.000010,1.000000;;
              }
             }
            }
           }

           Frame Bip01LFinger2 {
            

            FrameTransformMatrix {
             0.999733,0.022851,-0.003323,0.000000,-0.023039,0.996751,-0.077180,0.000000,0.001549,0.077236,0.997012,0.000000,18.095542,-2.860191,-2.616360,1.000000;;
            }

            Frame Bip01LFinger21 {
             

             FrameTransformMatrix {
              0.907323,0.000000,0.420435,0.000000,-0.000000,1.000000,0.000000,0.000000,-0.420435,-0.000000,0.907323,0.000000,12.032929,0.000000,0.000000,1.000000;;
             }

             Frame Bip01LFinger22 {
              

              FrameTransformMatrix {
               0.864860,-0.000000,0.502014,0.000000,0.000000,1.000000,-0.000000,0.000000,-0.502014,0.000000,0.864859,0.000000,6.499302,0.000015,-0.000002,1.000000;;
              }
             }
            }
           }

           Frame Bip01LFinger3 {
            

            FrameTransformMatrix {
             0.920562,0.117495,0.372505,0.000000,-0.089561,0.991770,-0.091492,0.000000,-0.380190,0.050862,0.923509,0.000000,17.908859,2.619217,-3.547363,1.000000;;
            }

            Frame Bip01LFinger31 {
             

             FrameTransformMatrix {
              0.831322,0.000000,0.555790,0.000000,-0.000000,1.000000,0.000000,0.000000,-0.555790,-0.000000,0.831323,0.000000,11.377842,-0.000008,-0.000008,1.000000;;
             }

             Frame Bip01LFinger32 {
              

              FrameTransformMatrix {
               0.866817,0.000000,0.498627,0.000000,0.000000,1.000000,-0.000000,0.000000,-0.498627,0.000000,0.866817,0.000000,6.757602,-0.000008,-0.000008,1.000000;;
              }
             }
            }
           }

           Frame Bip01LFinger4 {
            

            FrameTransformMatrix {
             0.654957,0.313282,0.687667,0.000000,-0.364892,0.928005,-0.075238,0.000000,-0.661729,-0.201647,0.722118,0.000000,16.783837,7.335274,-1.864544,1.000000;;
            }

            Frame Bip01LFinger41 {
             

             FrameTransformMatrix {
              0.826156,-0.000000,0.563441,0.000000,0.000000,1.000000,-0.000000,0.000000,-0.563441,0.000000,0.826156,0.000000,10.749246,-0.000008,0.000002,1.000000;;
             }

             Frame Bip01LFinger42 {
              

              FrameTransformMatrix {
               0.886800,0.000000,0.462154,0.000000,-0.000000,1.000000,-0.000000,0.000000,-0.462154,0.000000,0.886800,0.000000,5.298096,0.000015,0.000000,1.000000;;
              }
             }
            }
           }
          }
         }
        }
       }

       Frame Bip01RClavicle {
        

        FrameTransformMatrix {
         -0.307532,-0.924143,0.226681,0.000000,-0.949174,0.314719,-0.004654,0.000000,-0.067040,-0.216591,-0.973958,0.000000,-10.024978,-7.608534,8.872314,1.000000;;
        }

        Frame Bip01RUpperArm {
         

         FrameTransformMatrix {
          0.532223,0.488155,-0.691696,0.000000,-0.845573,0.346822,-0.405858,0.000000,0.041774,0.800887,0.597357,0.000000,29.628502,0.000002,-0.000031,1.000000;;
         }

         Frame Bip01RForeArm {
          

          FrameTransformMatrix {
           0.499328,0.000000,-0.866413,0.000000,0.000000,1.000000,-0.000000,0.000000,0.866413,0.000000,0.499328,0.000000,65.345901,0.000000,0.000008,1.000000;;
          }

          Frame Bip01RHand {
           

           FrameTransformMatrix {
            0.837352,0.419752,0.350215,0.000000,-0.134351,0.779006,-0.612454,0.000000,-0.529898,0.465788,0.708696,0.000000,86.177286,0.000008,-0.000013,1.000000;;
           }

           Frame Bip01RFinger0 {
            

            FrameTransformMatrix {
             0.788641,0.489566,0.371982,0.000000,-0.450767,0.048910,0.891301,0.000000,0.418157,-0.870594,0.259253,0.000000,5.997719,8.066624,-2.546257,1.000000;;
            }

            Frame Bip01RFinger01 {
             

             FrameTransformMatrix {
              0.979076,0.000000,0.203495,0.000000,0.000000,1.000000,-0.000000,0.000000,-0.203495,0.000000,0.979076,0.000000,14.201270,-0.000008,-0.000002,1.000000;;
             }

             Frame Bip01RFinger02 {
              

              FrameTransformMatrix {
               0.793434,0.000000,0.608656,0.000000,0.000000,1.000000,-0.000000,0.000000,-0.608656,0.000000,0.793434,0.000000,8.324310,0.000004,0.000013,1.000000;;
              }
             }
            }
           }

           Frame Bip01RFinger1 {
            

            FrameTransformMatrix {
             0.935641,0.287248,-0.205097,0.000000,-0.250560,0.949823,0.187233,0.000000,0.248588,-0.123794,0.960666,0.000000,18.639000,7.213707,-1.752327,1.000000;;
            }

            Frame Bip01RFinger11 {
             

             FrameTransformMatrix {
              0.979273,-0.000000,0.202544,0.000000,0.000000,1.000000,-0.000000,0.000000,-0.202544,0.000000,0.979273,0.000000,12.000233,-0.000006,-0.000008,1.000000;;
             }

             Frame Bip01RFinger12 {
              

              FrameTransformMatrix {
               0.995644,0.000000,0.093237,0.000000,0.000000,1.000000,0.000000,0.000000,-0.093237,-0.000000,0.995644,0.000000,6.331658,0.000008,-0.000004,1.000000;;
              }
             }
            }
           }

           Frame Bip01RFinger2 {
            

            FrameTransformMatrix {
             0.999733,-0.022851,-0.003323,0.000000,0.023040,0.996751,0.077179,0.000000,0.001549,-0.077236,0.997012,0.000000,18.095550,2.860210,-2.616367,1.000000;;
            }

            Frame Bip01RFinger21 {
             

             FrameTransformMatrix {
              0.907323,-0.000000,0.420435,0.000000,0.000000,1.000000,-0.000000,0.000000,-0.420435,-0.000000,0.907323,0.000000,12.032940,0.000000,-0.000011,1.000000;;
             }

             Frame Bip01RFinger22 {
              

              FrameTransformMatrix {
               0.864860,-0.000000,0.502014,0.000000,0.000000,1.000000,-0.000000,0.000000,-0.502014,0.000000,0.864860,0.000000,6.499283,0.000000,0.000010,1.000000;;
              }
             }
            }
           }

           Frame Bip01RFinger3 {
            

            FrameTransformMatrix {
             0.920562,-0.117495,0.372505,0.000000,0.089561,0.991770,0.091492,0.000000,-0.380189,-0.050862,0.923509,0.000000,17.908851,-2.619202,-3.547367,1.000000;;
            }

            Frame Bip01RFinger31 {
             

             FrameTransformMatrix {
              0.831323,0.000000,0.555790,0.000000,0.000000,1.000000,0.000000,0.000000,-0.555791,0.000000,0.831323,0.000000,11.377838,0.000000,-0.000002,1.000000;;
             }

             Frame Bip01RFinger32 {
              

              FrameTransformMatrix {
               0.866817,-0.000000,0.498627,0.000000,0.000000,1.000000,-0.000000,0.000000,-0.498627,0.000000,0.866817,0.000000,6.757587,0.000008,0.000008,1.000000;;
              }
             }
            }
           }

           Frame Bip01RFinger4 {
            

            FrameTransformMatrix {
             0.654957,-0.313282,0.687667,0.000000,0.364892,0.928005,0.075238,0.000000,-0.661729,0.201646,0.722117,0.000000,16.783837,-7.335232,-1.864536,1.000000;;
            }

            Frame Bip01RFinger41 {
             

             FrameTransformMatrix {
              0.826156,0.000000,0.563441,0.000000,0.000000,1.000000,-0.000000,0.000000,-0.563441,0.000000,0.826156,0.000000,10.749249,0.000000,-0.000008,1.000000;;
             }

             Frame Bip01RFinger42 {
              

              FrameTransformMatrix {
               0.886800,-0.000000,0.462154,0.000000,0.000000,1.000000,0.000000,0.000000,-0.462154,-0.000000,0.886800,0.000000,5.298088,0.000000,-0.000008,1.000000;;
              }
             }
            }
           }
          }
         }
        }
       }

       Frame Bone_left_wing {
        

        FrameTransformMatrix {
         -0.877452,0.198280,-0.436764,0.000000,-0.138720,-0.976550,-0.164644,0.000000,-0.459168,-0.083879,0.884381,0.000000,3.419361,7.694948,-15.164963,1.000000;;
        }

        Frame Bone_Back_Left_Fur {
         

         FrameTransformMatrix {
          0.954419,-0.205110,-0.216830,0.000000,0.175459,0.973249,-0.148327,0.000000,0.241453,0.103522,0.964875,0.000000,4.754295,2.021545,-0.193863,1.000000;;
         }
        }
       }

       Frame Bone_right_Wing {
        

        FrameTransformMatrix {
         -0.860817,-0.356572,-0.363112,0.000000,0.207643,-0.897497,0.389081,0.000000,-0.464627,0.259530,0.846620,0.000000,3.419361,-7.695097,-15.164917,1.000000;;
        }

        Frame Bone_Back_Right_Fur {
         

         FrameTransformMatrix {
          0.952364,0.212464,-0.218776,0.000000,-0.182242,0.971693,0.150331,0.000000,0.244523,-0.103300,0.964126,0.000000,4.767815,-1.987213,-0.214554,1.000000;;
         }
        }
       }
      }

      Frame Bone_Spine_UP_Fur {
       

       FrameTransformMatrix {
        0.088031,0.000660,0.996118,0.000000,-0.000659,-1.000000,0.000721,0.000000,0.996118,-0.000720,-0.088030,0.000000,52.194106,-0.000046,-3.903107,1.000000;;
       }

       Frame Bone_Spine_Down_Fur {
        

        FrameTransformMatrix {
         0.757998,-0.000000,-0.652257,0.000000,0.000000,1.000000,-0.000000,0.000000,0.652257,0.000000,0.757998,0.000000,36.320800,0.000004,-0.000008,1.000000;;
        }
       }
      }

      Frame Bone_Right_Wing_Up {
       

       FrameTransformMatrix {
        -0.809089,-0.587013,-0.028146,0.000000,0.480813,-0.688732,0.542649,0.000000,-0.337927,0.425518,0.839488,0.000000,3.419359,-7.695095,-15.164933,1.000000;;
       }
      }

      Frame Bone_Left_Wing_Up {
       

       FrameTransformMatrix {
        -0.876499,0.465408,-0.123067,0.000000,0.378059,0.823728,0.422544,0.000000,0.298029,0.323833,-0.897949,0.000000,3.419342,7.694952,-15.164917,1.000000;;
       }
      }
     }

     Frame Bone_Left_Wing_Down {
      

      FrameTransformMatrix {
       -0.757898,0.500725,0.418170,0.000000,0.531077,0.845831,-0.050282,0.000000,-0.378879,0.183971,-0.906976,0.000000,-4.764504,0.515470,-13.678925,1.000000;;
      }
     }

     Frame Bone_Right_Wing_Down {
      

      FrameTransformMatrix {
       -0.745761,-0.444715,0.496054,0.000000,0.557252,-0.824465,0.098630,0.000000,0.365117,0.349981,0.862672,0.000000,-4.764351,-0.515584,-13.678986,1.000000;;
      }
     }
    }

    Frame Bip01LThigh {
     

     FrameTransformMatrix {
      -0.344379,0.147910,0.927106,0.000000,0.158997,-0.964058,0.212866,0.000000,0.925269,0.220714,0.308484,0.000000,-34.817984,22.890610,-7.581222,1.000000;;
     }

     Frame Bip01LCalf {
      

      FrameTransformMatrix {
       -0.540908,0.000000,-0.841082,0.000000,0.000000,1.000000,0.000000,0.000000,0.841082,-0.000000,-0.540908,0.000000,61.167558,0.000006,-0.000011,1.000000;;
      }

      Frame Bip01LHorseLink {
       

       FrameTransformMatrix {
        -0.424480,0.000000,0.905438,0.000000,0.000000,1.000000,0.000000,0.000000,-0.905438,0.000000,-0.424480,0.000000,26.204114,0.000000,0.000000,1.000000;;
       }

       Frame Bip01LFoot {
        

        FrameTransformMatrix {
         0.223452,-0.033603,-0.974135,0.000000,0.036983,0.998978,-0.025976,0.000000,0.974013,-0.030222,0.224467,0.000000,44.165706,0.000002,-0.000015,1.000000;;
        }

        Frame Bip01LToe0 {
         

         FrameTransformMatrix {
          -0.000002,0.039759,0.999209,0.000000,-0.000001,0.999209,-0.039759,0.000000,-1.000000,-0.000001,-0.000002,0.000000,15.423125,-0.000002,16.832027,1.000000;;
         }
        }
       }
      }
     }
    }

    Frame Bip01RThigh {
     

     FrameTransformMatrix {
      -0.395641,0.019014,0.918209,0.000000,-0.186666,-0.980582,-0.060126,0.000000,0.899236,-0.195186,0.391507,0.000000,-35.083510,-23.662285,-1.765686,1.000000;;
     }

     Frame Bip01RCalf {
      

      FrameTransformMatrix {
       0.086311,0.000000,-0.996268,0.000000,-0.000000,1.000000,0.000000,0.000000,0.996268,0.000000,0.086311,0.000000,61.167526,0.000000,0.000008,1.000000;;
      }

      Frame Bip01RHorseLink {
       

       FrameTransformMatrix {
        0.263791,-0.000000,0.964580,0.000000,0.000000,1.000000,0.000000,0.000000,-0.964580,0.000000,0.263792,0.000000,26.204128,0.000000,0.000000,1.000000;;
       }

       Frame Bip01RFoot {
        

        FrameTransformMatrix {
         0.033248,0.116660,-0.992615,0.000000,-0.039969,0.992525,0.115311,0.000000,0.998648,0.035840,0.037662,0.000000,44.165699,-0.000002,0.000019,1.000000;;
        }

        Frame Bip01RToe0 {
         

         FrameTransformMatrix {
          0.083025,-0.270564,0.959115,0.000000,0.015274,0.962671,0.270245,0.000000,-0.996431,-0.007787,0.084059,0.000000,15.423125,-0.000006,16.832035,1.000000;;
         }
        }
       }
      }
     }
    }

    Frame Bip01Tail {
     

     FrameTransformMatrix {
      -0.988698,0.144368,0.040421,0.000000,0.138583,0.982939,-0.120940,0.000000,-0.057191,-0.113972,-0.991836,0.000000,-53.563907,-1.172624,-11.817490,1.000000;;
     }

     Frame Bip01Tail1 {
      

      FrameTransformMatrix {
       0.941155,-0.299454,0.156700,0.000000,0.297372,0.954040,0.037122,0.000000,-0.160614,0.011661,0.986948,0.000000,65.330054,-0.000002,-0.038864,1.000000;;
      }

      Frame Bip01Tail2 {
       

       FrameTransformMatrix {
        0.791953,-0.577402,0.198539,0.000000,0.547754,0.815519,0.186798,0.000000,-0.269770,-0.039185,0.962127,0.000000,48.760688,0.000002,-0.035385,1.000000;;
       }

       Frame Bip01Tail3 {
        

        FrameTransformMatrix {
         0.862197,-0.501955,0.068248,0.000000,0.494886,0.863399,0.098135,0.000000,-0.108184,-0.050837,0.992830,0.000000,44.454643,-0.000008,-0.025253,1.000000;;
        }

        Frame Bip01Tail4 {
         

         FrameTransformMatrix {
          0.925239,-0.378363,0.027835,0.000000,0.377356,0.925387,0.035505,0.000000,-0.039192,-0.022347,0.998982,0.000000,31.755270,0.000000,-0.026062,1.000000;;
         }
        }
       }
      }
     }
    }
   }
  }
 }

 Frame Plane {
  

  FrameTransformMatrix {
   1.000000,0.000000,0.000000,0.000000,0.000000,0.000000,-1.000000,0.000000,-0.000000,1.000000,0.000000,0.000000,-0.000000,0.000000,-0.000002,1.000000;;
  }
 }
}

Frame Valak {
 

 FrameTransformMatrix {
  1.000000,0.000000,0.000000,0.000000,0.000000,1.000000,0.000000,0.000000,0.000000,0.000000,1.000000,0.000000,0.000000,0.000000,0.000000,1.000000;;
 }

 Mesh Valak {
  7501;
  117.821773;179.685773;7.904781;,
  119.114739;182.745754;8.960627;,
  116.485133;180.959552;8.025270;,
  62.094080;195.509798;15.255005;,
  80.756493;196.755917;16.769686;,
  72.822931;200.393306;12.848012;,
  67.576851;204.499750;6.232411;,
  62.094080;195.509798;15.255005;,
  67.576851;204.499750;6.232411;,
  55.643334;200.191206;7.570229;,
  55.982803;193.121920;17.584571;,
  48.459952;198.270182;9.358199;,
  52.800765;201.316070;0.000002;,
  55.643334;200.191206;7.570229;,
  66.094816;205.223232;0.000003;,
  45.617392;199.395021;0.000002;,
  98.775827;194.986176;14.707251;,
  104.753510;186.039731;10.229878;,
  106.943475;192.328307;11.732127;,
  97.673350;187.578509;15.691971;,
  88.511450;188.267277;19.018413;,
  90.172346;195.708723;17.109832;,
  88.511450;188.267277;19.018413;,
  80.756493;196.755917;16.769686;,
  75.282400;190.069094;20.622069;,
  70.836102;186.325197;22.951642;,
  55.982803;193.121920;17.584571;,
  116.745331;197.747853;10.727242;,
  119.470310;197.240742;8.342483;,
  118.817741;198.105536;8.552855;,
  118.505165;196.406797;9.882074;,
  120.612723;196.776858;7.855894;,
  120.704934;195.856883;8.535864;,
  122.327373;196.435046;6.982330;,
  120.465702;194.727872;7.968462;,
  118.041715;194.565670;9.107178;,
  115.807821;195.616704;10.203771;,
  113.446080;199.193907;10.659317;,
  116.773414;199.263539;10.558820;,
  113.749952;197.419878;10.669731;,
  115.807821;195.616704;10.203771;,
  116.745331;197.747853;10.727242;,
  113.749952;197.419878;10.669731;,
  115.113600;194.295590;11.217142;,
  117.398630;193.187750;9.352902;,
  115.738176;192.139853;10.120064;,
  113.928141;192.538509;11.161847;,
  112.549350;193.994624;11.395294;,
  112.567693;195.979482;11.279257;,
  119.834099;204.821018;8.210409;,
  120.684301;204.544064;8.469529;,
  120.382131;206.965824;8.054719;,
  118.849101;203.344653;8.560153;,
  120.557197;202.268621;8.848326;,
  119.378918;200.993754;9.285962;,
  117.555430;202.731290;9.004211;,
  117.550694;200.854810;9.949920;,
  115.516877;202.550541;9.719097;,
  114.147482;201.283200;10.246814;,
  119.172403;199.001446;8.359778;,
  120.466022;199.429875;7.818742;,
  121.508736;201.335616;7.351337;,
  121.161472;204.335629;7.536102;,
  124.143808;186.245478;7.075545;,
  123.791539;185.467443;6.812121;,
  124.371674;185.478733;6.634264;,
  123.352896;185.775386;7.026786;,
  123.209818;186.277402;7.186515;,
  124.143808;186.245478;7.075545;,
  123.383283;186.787622;7.195303;,
  123.209818;186.277402;7.186515;,
  123.798259;187.130138;7.041443;,
  124.306470;187.178035;6.798449;,
  124.751821;186.898778;6.595327;,
  124.955354;186.392038;6.508023;,
  124.828429;185.834483;6.529140;,
  124.416704;185.159526;5.796494;,
  123.436250;185.140070;6.065117;,
  122.682291;185.659162;6.435853;,
  122.465395;186.454042;6.755461;,
  122.739046;187.277491;6.813656;,
  123.431910;187.808563;6.616297;,
  124.251776;187.901094;6.211064;,
  124.968243;187.499021;5.845451;,
  125.356762;186.664090;5.645647;,
  125.162304;185.757338;5.675490;,
  102.597613;208.539546;5.381777;,
  112.043955;203.769818;0.000005;,
  102.330618;209.458637;0.000005;,
  90.512282;209.860173;6.191531;,
  101.255226;202.409075;11.235602;,
  90.713338;203.506893;12.685938;,
  98.775827;194.986176;14.707251;,
  90.172346;195.708723;17.109832;,
  80.213907;201.733210;13.344846;,
  79.288352;207.520474;6.686541;,
  90.343066;210.879117;0.000004;,
  78.904352;208.848653;0.000004;,
  58.731539;203.167360;7.543397;,
  66.094816;205.223232;0.000003;,
  56.578272;204.552922;0.000003;,
  67.576851;204.499750;6.232411;,
  72.822931;200.393306;12.848012;,
  80.756493;196.755917;16.769686;,
  89.076499;191.960038;19.113462;,
  78.115987;193.748211;18.855144;,
  66.724666;198.737715;14.249363;,
  98.510330;191.054746;15.768341;,
  105.763456;188.755955;10.994228;,
  106.943475;192.328307;11.732127;,
  109.650099;198.663821;8.785267;,
  112.175142;203.572390;3.829834;,
  118.326208;199.307674;0.000005;,
  104.062605;192.563430;15.308907;,
  108.809229;195.833690;13.429730;,
  106.810989;197.017856;16.719291;,
  111.046118;198.822515;12.205963;,
  106.810989;197.017856;16.719291;,
  108.809229;195.833690;13.429730;,
  108.642918;201.384205;14.753189;,
  112.737434;201.488269;10.052343;,
  109.490611;203.945088;10.764550;,
  115.670976;200.599117;6.991753;,
  111.136218;203.219136;6.587313;,
  117.801485;199.517888;2.935168;,
  107.578611;193.508518;12.914023;,
  107.948173;192.233946;12.495135;,
  112.633549;193.498547;11.143366;,
  116.116429;195.774656;9.040855;,
  118.835520;197.412838;5.467546;,
  123.151334;192.040819;4.948612;,
  123.717990;192.728102;2.740037;,
  125.107853;187.105101;6.821505;,
  122.684198;191.443853;7.245163;,
  119.111731;193.306125;7.308642;,
  125.778086;184.606630;5.886657;,
  126.466829;184.774554;5.836929;,
  124.882048;185.765171;6.707520;,
  124.453363;186.606630;6.999250;,
  122.386509;190.279322;7.356067;,
  117.445146;190.340698;9.945854;,
  113.171661;191.365338;10.968124;,
  111.802317;186.388352;12.522902;,
  120.522778;188.114957;8.590266;,
  123.889126;187.627994;7.213372;,
  123.082163;186.910528;7.375579;,
  120.458906;184.782170;8.924254;,
  115.781875;186.136845;11.295212;,
  116.203123;182.168589;10.608489;,
  111.884096;183.336550;11.051132;,
  111.395213;181.562317;9.322696;,
  123.777779;186.289370;5.092590;,
  114.525965;180.254746;8.814412;,
  120.805350;180.583680;8.910438;,
  122.831859;183.173491;8.098413;,
  124.586790;178.585523;7.400194;,
  124.739878;181.451174;7.326430;,
  127.692454;176.357773;6.307381;,
  129.353818;179.084838;6.062632;,
  131.195571;174.267533;4.506696;,
  124.985754;176.110093;6.518487;,
  125.746611;174.850189;6.258347;,
  122.479514;177.849472;7.423258;,
  119.562662;179.119693;8.691116;,
  126.090010;173.177267;5.399840;,
  126.984346;174.008653;6.160685;,
  127.797210;173.478771;5.517020;,
  128.817280;172.787008;5.477659;,
  128.869363;171.499059;4.584816;,
  129.681395;170.930816;3.981766;,
  127.831450;170.126963;3.848363;,
  129.428045;170.545741;2.917276;,
  132.435290;172.893504;3.208677;,
  133.457229;174.152205;2.792613;,
  133.687949;173.092070;0.884754;,
  135.337357;175.109440;0.000006;,
  133.759142;173.109414;0.000006;,
  131.901389;170.398682;0.000006;,
  131.178509;170.589722;2.327740;,
  132.669312;171.187763;1.517995;,
  130.840717;169.741530;1.265307;,
  133.435469;175.996826;3.543196;,
  132.364736;177.771456;4.335248;,
  132.693965;176.648730;4.508453;,
  135.313126;175.337664;1.326255;,
  135.240141;177.072422;1.971851;,
  135.498880;176.765120;0.000005;,
  131.998822;175.495424;4.593674;,
  130.222016;180.268621;4.754469;,
  127.551859;182.139814;5.912113;,
  130.871872;180.917645;3.894164;,
  124.694835;185.307072;6.436148;,
  124.901210;182.786611;7.163888;,
  123.740979;185.284838;6.861750;,
  123.055654;185.847578;7.453770;,
  125.946253;188.031770;4.886915;,
  127.323405;185.938150;4.880967;,
  127.550784;186.984435;2.737964;,
  128.592397;183.326861;5.128040;,
  117.801485;199.517888;2.935168;,
  124.051098;192.775821;0.000006;,
  128.380416;187.216845;0.000005;,
  131.751923;181.557619;3.253353;,
  133.319987;178.280653;3.439756;,
  132.364736;177.771456;4.335248;,
  133.606899;179.173824;2.744454;,
  130.729190;183.177702;0.000004;,
  133.672755;178.955622;0.000004;,
  135.498880;176.765120;0.000005;,
  135.240141;177.072422;1.971851;,
  134.371968;177.265472;3.552466;,
  125.199014;170.186112;2.750763;,
  124.149082;167.303091;0.000006;,
  125.814886;169.673907;0.000006;,
  122.082586;174.587635;4.962751;,
  122.620134;170.261670;4.472917;,
  124.002150;172.207706;3.848355;,
  124.101811;168.178880;3.126977;,
  122.769907;166.043059;0.000006;,
  122.859226;166.768026;2.877803;,
  120.605504;163.245261;5.003516;,
  120.230298;160.146022;6.123908;,
  121.153152;160.871450;4.890584;,
  118.761818;163.426355;3.438875;,
  120.664768;164.275008;4.809424;,
  121.419392;165.920064;4.263760;,
  120.152486;167.817946;5.588486;,
  121.304922;169.005005;4.773396;,
  120.391142;172.501120;5.498698;,
  118.813235;164.850125;2.702924;,
  116.129088;175.385165;6.460066;,
  117.739110;176.526362;6.847525;,
  119.451443;171.641958;5.483436;,
  119.336602;178.180480;6.855414;,
  116.538688;177.912294;7.563306;,
  114.352038;179.823821;8.271563;,
  112.983424;178.504730;8.218423;,
  108.438464;184.170074;9.098771;,
  110.803290;177.073728;6.106933;,
  106.783968;181.743219;8.465178;,
  110.309888;176.829043;4.319733;,
  104.104314;187.560640;9.999904;,
  101.527258;183.308941;9.414425;,
  109.785536;186.014989;9.431012;,
  115.222784;182.213926;8.409851;,
  116.485133;180.959552;8.025270;,
  117.821773;179.685773;7.904781;,
  99.043795;188.713869;11.586431;,
  94.341056;182.565491;10.384940;,
  111.974861;189.864666;10.595005;,
  117.415398;184.859072;9.123769;,
  106.943475;192.328307;11.732128;,
  98.775827;194.986176;14.707251;,
  93.772582;188.617370;12.843191;,
  86.776998;178.310246;12.596270;,
  85.341056;187.296691;16.232187;,
  77.664851;161.401485;21.639528;,
  76.424442;173.583386;19.134347;,
  75.081011;167.890957;25.555197;,
  79.145478;164.207770;15.822174;,
  87.123789;163.575117;7.641171;,
  90.691162;172.061107;7.261598;,
  94.871565;177.926925;5.863248;,
  100.822707;178.043302;6.275370;,
  106.725581;179.379622;4.389414;,
  106.962202;178.322982;0.000005;,
  100.424250;176.514419;0.000005;,
  95.282035;176.120870;0.000004;,
  91.447251;171.193677;-0.142655;,
  89.766490;163.367066;-0.721560;,
  107.626445;176.975040;0.000005;,
  109.508787;175.273395;2.104743;,
  106.865069;174.404736;0.000005;,
  109.877222;173.988582;0.000005;,
  111.311757;174.477210;1.536596;,
  113.039398;174.511258;2.458795;,
  114.130931;174.435878;4.117153;,
  116.979712;172.542989;5.225308;,
  112.257856;173.560013;0.000005;,
  114.962573;172.037798;0.000006;,
  115.670592;171.582477;2.005371;,
  115.094899;173.020570;3.811892;,
  116.130714;169.665075;6.102120;,
  114.605043;169.639910;4.546952;,
  116.557888;168.058726;1.575796;,
  116.712192;169.682291;0.672460;,
  116.809101;169.683187;0.000006;,
  115.863539;165.448704;3.311643;,
  118.068659;169.160858;6.412969;,
  117.028083;165.977075;6.954095;,
  114.793101;166.146368;5.581597;,
  116.711398;162.746522;4.068045;,
  116.061901;162.342938;6.040460;,
  120.046118;160.100326;4.221883;,
  117.524173;163.040499;6.730642;,
  119.392704;165.370931;6.258300;,
  119.453440;163.354803;6.297440;,
  119.027994;159.631565;5.542009;,
  121.386022;157.931469;5.394420;,
  121.862566;158.485491;5.763263;,
  122.921242;157.288794;5.905181;,
  122.682970;157.011789;5.720760;,
  122.032294;158.097062;4.527505;,
  123.006106;157.094592;5.287302;,
  123.323546;156.261248;6.290573;,
  123.261568;157.469952;5.612128;,
  122.543232;158.847821;5.177160;,
  120.046118;160.100326;4.221883;,
  122.032294;158.097062;4.527505;,
  123.006106;157.094592;5.287302;,
  120.492390;166.986982;0.000006;,
  120.323174;166.771405;0.854412;,
  119.699622;165.930637;1.657357;,
  116.557888;168.058726;1.575796;,
  115.863539;165.448704;3.311643;,
  116.711398;162.746522;4.068045;,
  116.712192;169.682291;0.672460;,
  116.809101;169.683187;0.000006;,
  99.829024;193.091955;16.987699;,
  105.372064;192.516301;13.171543;,
  104.062605;192.563430;15.308907;,
  100.134618;194.291456;15.322224;,
  105.288115;203.060058;15.002213;,
  103.284986;198.479539;18.347773;,
  99.829024;193.091955;16.987699;,
  104.991526;183.885786;10.982290;,
  107.288653;186.836045;13.571021;,
  108.317734;190.959398;12.076268;,
  105.372064;192.516301;13.171543;,
  103.078925;186.194304;14.852075;,
  103.304339;190.310170;14.437851;,
  102.922918;191.808653;14.544666;,
  99.832685;189.608320;17.097126;,
  99.640000;184.124160;17.019253;,
  -80.539277;74.485466;-19.375350;,
  -85.410067;74.060448;-19.397478;,
  -82.150099;72.121280;-18.845957;,
  -86.034048;75.863302;-20.445203;,
  -82.819539;70.957594;-22.627232;,
  -79.046560;66.166618;-17.564539;,
  -85.377005;72.887482;-22.237968;,
  -91.410835;74.001120;-22.753685;,
  -86.031142;76.633440;-22.383352;,
  -79.959962;75.639475;-22.189621;,
  -74.794650;73.892102;-22.952638;,
  -76.025542;70.997536;-17.149981;,
  -80.878867;64.385062;-22.309851;,
  -76.038170;63.563341;-16.439045;,
  -77.781165;57.623968;-18.273573;,
  -80.916646;57.386554;-22.712515;,
  -81.107360;50.654822;-22.937354;,
  -79.953952;48.122131;-14.395552;,
  -80.222099;44.560650;-23.455294;,
  -76.008966;55.074362;-13.784726;,
  -72.386528;60.187872;-15.421432;,
  -71.464589;67.169978;-16.353456;,
  -71.213965;69.883718;-19.426902;,
  -71.703142;73.736243;-23.284174;,
  -67.665824;64.843834;-15.192342;,
  -66.126502;70.328090;-19.969018;,
  -60.319098;67.332838;-16.955499;,
  -62.068960;72.128499;-19.859054;,
  -59.599104;74.914374;-19.030067;,
  -67.436250;74.170618;-23.426715;,
  -63.032602;75.078483;-23.419098;,
  -60.124467;76.479776;-23.406701;,
  -58.301632;78.976710;-18.090026;,
  -58.148755;79.822157;-23.018544;,
  -59.922125;83.293050;-18.812117;,
  -59.932378;83.636499;-21.980003;,
  -58.301632;78.976710;-18.090026;,
  -57.804941;83.551245;-15.395184;,
  -59.922125;83.293050;-18.812117;,
  -51.989792;82.705530;-13.949531;,
  -51.710045;75.527610;-16.526382;,
  -54.069677;67.970522;-17.417786;,
  -62.349402;63.057798;-16.594792;,
  -65.493120;56.963270;-14.324323;,
  -72.387808;52.385136;-12.145055;,
  -46.835808;80.826566;-10.519837;,
  -67.022310;51.882138;-13.763592;,
  -69.318534;45.685376;-13.751405;,
  -74.060954;47.118662;-12.453388;,
  -65.426061;43.979869;-19.901390;,
  -63.935590;52.128838;-17.809886;,
  -62.244646;56.917715;-16.822586;,
  -57.025165;62.156416;-16.204189;,
  -50.437923;68.056518;-14.123256;,
  -77.542381;42.715312;-13.959346;,
  -73.636922;39.521888;-13.652242;,
  -69.865888;36.857917;-16.719362;,
  -66.366234;36.155158;-19.286738;,
  -62.869818;36.445008;-21.781427;,
  -67.185453;18.621739;-17.292613;,
  -63.292410;26.613587;-21.478226;,
  -66.674982;26.754864;-18.842211;,
  -69.816550;26.986701;-15.850013;,
  -73.191610;33.307386;-16.001546;,
  -77.674554;39.463062;-19.234216;,
  -63.463494;10.271063;-19.591776;,
  -66.484179;12.887386;-16.831520;,
  -65.839162;9.698198;-15.652779;,
  -70.798144;13.216045;-13.281674;,
  -71.066016;19.177952;-14.629416;,
  -74.237875;19.868736;-16.691226;,
  -73.164058;27.381536;-16.696965;,
  -74.812243;15.016301;-16.267792;,
  -64.563590;6.992479;-15.635325;,
  -62.362131;8.534052;-19.041870;,
  -68.761805;6.998880;-14.721206;,
  -75.610982;7.681654;-15.446098;,
  -76.530995;15.719354;-20.658261;,
  -75.950042;19.725406;-20.712426;,
  -66.260032;4.453735;-14.140507;,
  -75.363136;28.309389;-21.218944;,
  -76.392326;34.115802;-21.707930;,
  -72.854086;0.373107;-15.435478;,
  -76.389018;3.444782;-17.692400;,
  -74.820730;0.335525;-19.161586;,
  -74.323622;3.048947;-13.999056;,
  -77.877062;6.774646;-18.831530;,
